#iter: 0
  0            1.4297          188.2859            1.6621        1.0240047743e+07
#iter: 1
  0            0.9501          394.9090            1.7113        3.9882333455e+07
#iter: 2
  0            1.4969          181.9398            1.7598        8.5645096814e+06
#iter: 3
  0            1.6677          604.5201            1.7776        1.6290505465e+07
#iter: 4
  0            1.5967          305.5002            1.7728        2.4123984422e+07
#iter: 5
  0            1.5959          308.1593            1.7735        2.3839345929e+07
#iter: 6
  0            0.5659          583.4547            1.6724        7.6520464755e+07
#iter: 7
  0            0.6458          551.0553            1.6959        7.7415306702e+07
#iter: 8
  0            1.1621          441.2697            1.9806        3.2096909060e+07
#iter: 9
  0            0.9381          317.8907            1.0342        3.8769589773e+07
#iter: 10
  0            0.8063          216.1301            1.4626        7.6451907982e+07
#iter: 11
  0            0.8928          182.7106            1.5211        6.0059534163e+07
#iter: 12
  0            1.2660          511.6591            1.9485        6.2489899896e+06
#iter: 13
  0            0.5271          874.5887            1.6163        7.4723420243e+07
#iter: 14
  0            0.9710          457.2398            1.1889        2.8719992236e+07
#iter: 15
  0            0.9522          524.6562            1.1755        3.3711319589e+07
#iter: 16
  0            1.8242          732.4137            1.6607        2.8499968322e+07
#iter: 17
  0            1.8845          748.0025            1.6450        2.5827823008e+07
#iter: 18
  0            1.8000          826.3996            1.3524        1.8832272840e+07
#iter: 19
  0            1.9679          908.4715            1.2856        2.7000221927e+07
#iter: 0
  0        3.4790688329e+07
#iter: 1
  0        3.4790688329e+07
#iter: 2
  0        3.4790688329e+07
#iter: 3
  0        3.4790688329e+07
#iter: 4
  0        3.4790688329e+07
#iter: 5
  0        3.4790688329e+07
#iter: 6
  0        3.4790688329e+07
#iter: 7
  0        3.4790688329e+07
#iter: 8
  0        3.4790688329e+07
#iter: 9
  0        3.4790688329e+07
#iter: 10
  0        3.4790688329e+07
#iter: 11
  0        3.4790688329e+07
#iter: 12
  0        3.4790688329e+07
#iter: 13
  0        3.4790688329e+07
#iter: 14
  0        3.4790688329e+07
#iter: 15
  0        3.4790688329e+07
#iter: 16
  0        3.4790688329e+07
#iter: 17
  0        3.4790688329e+07
#iter: 18
  0        3.4790688329e+07
#iter: 19
  0        3.4790688329e+07
#iter: 0
  0        3.4790688329e+07
#iter: 1
  0        3.4790688329e+07
#iter: 2
  0        3.4790688329e+07
#iter: 3
  0        3.4790688329e+07
#iter: 4
  0        3.4790688329e+07
#iter: 5
  0        3.4790688329e+07
#iter: 6
  0        3.4790688329e+07
#iter: 7
  0        3.4790688329e+07
#iter: 8
  0        3.4790688329e+07
#iter: 9
  0        3.4790688329e+07
#iter: 10
  0        3.4790688329e+07
#iter: 11
  0        3.4790688329e+07
#iter: 12
  0        3.4790688329e+07
#iter: 13
  0        3.4790688329e+07
#iter: 14
  0        3.4790688329e+07
#iter: 15
  0        3.4790688329e+07
#iter: 16
  0        3.4790688329e+07
#iter: 17
  0        3.4790688329e+07
#iter: 18
  0        3.4790688329e+07
#iter: 19
  0        3.4790688329e+07
#iter: 0
  0        3.4790688329e+07
#iter: 1
  0        3.4790688329e+07
#iter: 2
  0        3.4790688329e+07
#iter: 3
  0        3.4790688329e+07
#iter: 4
  0        3.4790688329e+07
#iter: 5
  0        3.4790688329e+07
#iter: 6
  0        3.4790688329e+07
#iter: 7
  0        3.4790688329e+07
#iter: 8
  0        3.4790688329e+07
#iter: 9
  0        3.4790688329e+07
#iter: 10
  0        3.4790688329e+07
#iter: 11
  0        3.4790688329e+07
#iter: 12
  0        3.4790688329e+07
#iter: 13
  0        3.4790688329e+07
#iter: 14
  0        3.4790688329e+07
#iter: 15
  0        3.4790688329e+07
#iter: 16
  0        3.4790688329e+07
#iter: 17
  0        3.4790688329e+07
#iter: 18
  0        3.4790688329e+07
#iter: 19
  0        3.4790688329e+07
#iter: 0
  0            1.1075          499.1861            1.7654        3.8574439702e+07
#iter: 1
  0            0.5093          866.1248            1.9613        7.7626078860e+07
#iter: 2
  0            0.5565          703.2654            1.6467        7.5739460026e+07
#iter: 3
  0            0.6195          735.7525            1.5938        7.5424158568e+07
#iter: 4
  0            0.5323          371.2956            1.0432        6.8437569148e+07
#iter: 5
  0            0.6247          332.8873            1.0790        7.0938460702e+07
#iter: 6
  0            1.6945          889.8444            1.5627        1.1079628213e+07
#iter: 7
  0            1.9572          726.5787            1.5761        3.0931524372e+07
#iter: 8
  0            1.8098          699.8887            1.9071        4.4185633376e+07
#iter: 9
  0            1.8081          696.2746            1.9180        3.7471532984e+07
#iter: 10
  0            0.6467          762.2155            1.0094        5.5912835227e+07
#iter: 11
  0            0.6519          885.5507            1.0790        5.7922120578e+07
#iter: 12
  0            1.9460          289.6810            1.3112        3.0506534135e+07
#iter: 13
  0            1.9565          283.0359            1.3038        3.1259489515e+07
#iter: 14
  0            0.9513           81.4096            1.0753        3.9061354173e+07
#iter: 15
  0            1.1049           51.8709            1.0585        3.9547033023e+07
#iter: 16
  0            1.9186          364.4902            1.1989        2.6927943210e+07
#iter: 17
  0            1.9737          323.7677            1.1955        3.1156454745e+07
#iter: 18
  0            0.5077          316.5946            1.6715        7.8149747344e+07
#iter: 19
  0            0.6070          379.5668            1.7573        7.8052290597e+07
