#iter: 0
  0            0.9964          859.5902            1.6693        5.9283743320e+07
#iter: 1
  0            1.3444          927.1998            1.8328        1.1342503911e+07
#iter: 2
  0            1.6036           68.4196            1.9197        2.6603433636e+07
#iter: 3
  0            1.0611          270.4963            1.6449        5.5415798460e+07
#iter: 4
  0            1.0961          299.0415            1.6462        4.2250220563e+07
#iter: 5
  0            1.4814            5.6955            1.8871        8.3356138761e+06
#iter: 6
  0            1.6204          944.3993            1.9596        2.9516777384e+07
#iter: 7
  0            1.1391          498.7812            1.6951        3.0228613047e+07
#iter: 8
  0            1.1575          639.3450            1.6813        3.2674389337e+07
#iter: 9
  0            1.4711          904.5398            1.8821        8.9455137302e+06
#iter: 10
  0            1.5800           28.0249            1.8733        1.8311516456e+07
#iter: 11
  0            0.9535          167.5762            1.6445        3.9127798501e+07
#iter: 12
  0            0.9447          171.8415            1.6506        4.2508007374e+07
#iter: 13
  0            0.8984          236.0498            1.1567        5.5317497273e+07
#iter: 14
  0            0.9327          227.0208            1.1640        4.4213968094e+07
#iter: 15
  0            1.5033          975.9070            1.9365        8.6212715621e+06
#iter: 16
  0            1.5558          940.6165            1.9376        1.2039716064e+07
#iter: 17
  0            1.2254          424.2751            1.7457        1.0641349694e+07
#iter: 18
  0            1.2359          436.3819            1.7549        8.2427605772e+06
#iter: 19
  0            1.2484          773.9794            1.7990        6.7104953434e+06
#iter: 0
  0        3.4790688329e+07
#iter: 1
  0        3.4790688329e+07
#iter: 2
  0        3.4790688329e+07
#iter: 3
  0        3.4790688329e+07
#iter: 4
  0        3.4790688329e+07
#iter: 5
  0        3.4790688329e+07
#iter: 6
  0        3.4790688329e+07
#iter: 7
  0        3.4790688329e+07
#iter: 8
  0        3.4790688329e+07
#iter: 9
  0        3.4790688329e+07
#iter: 10
  0        3.4790688329e+07
#iter: 11
  0        3.4790688329e+07
#iter: 12
  0        3.4790688329e+07
#iter: 13
  0        3.4790688329e+07
#iter: 14
  0        3.4790688329e+07
#iter: 15
  0        3.4790688329e+07
#iter: 16
  0        3.4790688329e+07
#iter: 17
  0        3.4790688329e+07
#iter: 18
  0        3.4790688329e+07
#iter: 19
  0        3.4790688329e+07
#iter: 0
  0        3.4790688329e+07
#iter: 1
  0        3.4790688329e+07
#iter: 2
  0        3.4790688329e+07
#iter: 3
  0        3.4790688329e+07
#iter: 4
  0        3.4790688329e+07
#iter: 5
  0        3.4790688329e+07
#iter: 6
  0        3.4790688329e+07
#iter: 7
  0        3.4790688329e+07
#iter: 8
  0        3.4790688329e+07
#iter: 9
  0        3.4790688329e+07
#iter: 10
  0        3.4790688329e+07
#iter: 11
  0        3.4790688329e+07
#iter: 12
  0        3.4790688329e+07
#iter: 13
  0        3.4790688329e+07
#iter: 14
  0        3.4790688329e+07
#iter: 15
  0        3.4790688329e+07
#iter: 16
  0        3.4790688329e+07
#iter: 17
  0        3.4790688329e+07
#iter: 18
  0        3.4790688329e+07
#iter: 19
  0        3.4790688329e+07
#iter: 0
  0        3.4790688329e+07
#iter: 1
  0        3.4790688329e+07
#iter: 2
  0        3.4790688329e+07
#iter: 3
  0        3.4790688329e+07
#iter: 4
  0        3.4790688329e+07
#iter: 5
  0        3.4790688329e+07
#iter: 6
  0        3.4790688329e+07
#iter: 7
  0        3.4790688329e+07
#iter: 8
  0        3.4790688329e+07
#iter: 9
  0        3.4790688329e+07
#iter: 10
  0        3.4790688329e+07
#iter: 11
  0        3.4790688329e+07
#iter: 12
  0        3.4790688329e+07
#iter: 13
  0        3.4790688329e+07
#iter: 14
  0        3.4790688329e+07
#iter: 15
  0        3.4790688329e+07
#iter: 16
  0        3.4790688329e+07
#iter: 17
  0        3.4790688329e+07
#iter: 18
  0        3.4790688329e+07
#iter: 19
  0        3.4790688329e+07
#iter: 0
  0            1.3408          941.8270            1.7027        1.1365110766e+07
#iter: 1
  0            1.7644          288.3539            1.5105        1.6212522410e+07
#iter: 2
  0            1.3708          908.6471            1.1280        1.4323487546e+07
#iter: 3
  0            1.3728          907.3410            1.1200        1.4407611014e+07
#iter: 4
  0            1.1590          971.6123            1.1753        2.5889150939e+07
#iter: 5
  0            1.1558          979.0014            1.1998        2.5841643022e+07
#iter: 6
  0            1.7425          832.3495            1.2270        1.0931683050e+07
#iter: 7
  0            1.9443          756.0708            1.9814        3.1602545826e+07
#iter: 8
  0            1.8321          990.9441            1.3254        1.8552846034e+07
#iter: 9
  0            1.8500          971.2443            1.3088        1.8798172430e+07
#iter: 10
  0            0.9769          498.1369            1.0348        2.3985583020e+07
#iter: 11
  0            0.9765          442.8135            1.0462        2.5174178325e+07
#iter: 12
  0            1.6975          586.2981            1.6633        1.1676153685e+07
#iter: 13
  0            1.6293          511.8918            1.5533        2.9071922105e+07
#iter: 14
  0            1.0402          272.4174            1.5116        6.4679767397e+07
#iter: 15
  0            0.9510          326.8377            1.4886        3.8988588541e+07
#iter: 16
  0            1.9828          761.8962            1.2139        2.7627967841e+07
#iter: 17
  0            1.2677          756.4592            1.2493        6.9569747923e+06
#iter: 18
  0            1.0656          311.0641            1.8682        5.3870463763e+07
#iter: 19
  0            1.2694          143.7831            1.6511        6.3193179962e+06
