#iter: 0
  0            1.9977          791.3402            1.2424        2.8935783221e+07
#iter: 1
  0            1.2747          816.2628            1.4995        6.7432145844e+06
#iter: 2
  0            0.6654          521.3881            1.9146        7.8639189637e+07
#iter: 3
  0            1.1359          638.3102            1.8509        3.1132423042e+07
#iter: 4
  0            1.1802          636.7344            1.8968        2.5547279941e+07
#iter: 5
  0            1.9423          318.6106            1.5896        3.1339504462e+07
#iter: 6
  0            1.9595          324.7641            1.5711        3.2516628114e+07
#iter: 7
  0            0.8885          557.5291            1.3002        5.6260730209e+07
#iter: 8
  0            0.8792          567.5464            1.3021        5.8796206778e+07
#iter: 9
  0            1.1710          571.9464            1.8318        2.8486795028e+07
#iter: 10
  0            1.1699          574.8792            1.8284        2.8861147253e+07
#iter: 11
  0            1.7014           99.4441            1.3785        1.2140481707e+07
#iter: 12
  0            1.6783           84.4523            1.2970        1.3782998094e+07
#iter: 13
  0            0.9982          782.8528            1.6908        7.0360974244e+07
#iter: 14
  0            1.0143          812.1061            1.6307        2.9439325801e+08
#iter: 15
  0            1.2440          634.7083            1.5363        7.0573308776e+06
#iter: 16
  0            1.2036          692.5376            1.4427        1.8017006267e+07
#iter: 17
  0            1.4142          748.7374            1.5844        1.0163058904e+07
#iter: 18
  0            1.3866          753.8261            1.5591        1.0793264731e+07
#iter: 19
  0            1.0218          570.1462            1.5272        3.5766451171e+08
#iter: 0
  0        3.4790688329e+07
#iter: 1
  0        3.4790688329e+07
#iter: 2
  0        3.4790688329e+07
#iter: 3
  0        3.4790688329e+07
#iter: 4
  0        3.4790688329e+07
#iter: 5
  0        3.4790688329e+07
#iter: 6
  0        3.4790688329e+07
#iter: 7
  0        3.4790688329e+07
#iter: 8
  0        3.4790688329e+07
#iter: 9
  0        3.4790688329e+07
#iter: 10
  0        3.4790688329e+07
#iter: 11
  0        3.4790688329e+07
#iter: 12
  0        3.4790688329e+07
#iter: 13
  0        3.4790688329e+07
#iter: 14
  0        3.4790688329e+07
#iter: 15
  0        3.4790688329e+07
#iter: 16
  0        3.4790688329e+07
#iter: 17
  0        3.4790688329e+07
#iter: 18
  0        3.4790688329e+07
#iter: 19
  0        3.4790688329e+07
#iter: 0
  0        3.4790688329e+07
#iter: 1
  0        3.4790688329e+07
#iter: 2
  0        3.4790688329e+07
#iter: 3
  0        3.4790688329e+07
#iter: 4
  0        3.4790688329e+07
#iter: 5
  0        3.4790688329e+07
#iter: 6
  0        3.4790688329e+07
#iter: 7
  0        3.4790688329e+07
#iter: 8
  0        3.4790688329e+07
#iter: 9
  0        3.4790688329e+07
#iter: 10
  0        3.4790688329e+07
#iter: 11
  0        3.4790688329e+07
#iter: 12
  0        3.4790688329e+07
#iter: 13
  0        3.4790688329e+07
#iter: 14
  0        3.4790688329e+07
#iter: 15
  0        3.4790688329e+07
#iter: 16
  0        3.4790688329e+07
#iter: 17
  0        3.4790688329e+07
#iter: 18
  0        3.4790688329e+07
#iter: 19
  0        3.4790688329e+07
#iter: 0
  0        3.4790688329e+07
#iter: 1
  0        3.4790688329e+07
#iter: 2
  0        3.4790688329e+07
#iter: 3
  0        3.4790688329e+07
#iter: 4
  0        3.4790688329e+07
#iter: 5
  0        3.4790688329e+07
#iter: 6
  0        3.4790688329e+07
#iter: 7
  0        3.4790688329e+07
#iter: 8
  0        3.4790688329e+07
#iter: 9
  0        3.4790688329e+07
#iter: 10
  0        3.4790688329e+07
#iter: 11
  0        3.4790688329e+07
#iter: 12
  0        3.4790688329e+07
#iter: 13
  0        3.4790688329e+07
#iter: 14
  0        3.4790688329e+07
#iter: 15
  0        3.4790688329e+07
#iter: 16
  0        3.4790688329e+07
#iter: 17
  0        3.4790688329e+07
#iter: 18
  0        3.4790688329e+07
#iter: 19
  0        3.4790688329e+07
#iter: 0
  0            1.0360          204.6511            1.4154        6.6835119859e+07
#iter: 1
  0            1.9500          368.7975            1.2052        2.9153608401e+07
#iter: 2
  0            1.5360          735.6819            1.0863        1.0091371819e+07
#iter: 3
  0            1.7056          358.3069            1.0388        9.8006712572e+06
#iter: 4
  0            1.0356          877.9563            1.8550        6.6484040782e+07
#iter: 5
  0            1.8140          458.0969            1.9425        5.7773781238e+07
#iter: 6
  0            1.8016          427.5194            1.8047        2.3355998629e+07
#iter: 7
  0            0.9870          374.6262            1.6613        3.4816374251e+07
#iter: 8
  0            0.9888          376.5270            1.6714        3.7115791811e+07
#iter: 9
  0            1.7828          135.7251            1.7351        1.8485156346e+07
#iter: 10
  0            1.7759           24.5819            1.6438        1.7981425271e+07
#iter: 11
  0            1.3411          380.1976            1.5620        1.1158904993e+07
#iter: 12
  0            1.3355          382.1982            1.5657        9.0755887898e+06
#iter: 13
  0            1.2510          630.5819            1.8490        6.5458878216e+06
#iter: 14
  0            1.2337          409.5978            1.9137        8.6841686517e+06
#iter: 15
  0            1.2386          765.2456            1.2894        7.7371986592e+06
#iter: 16
  0            1.3094          727.8293            1.3411        8.7308002240e+06
#iter: 17
  0            1.2017           21.5021            1.7833        1.9637845089e+07
#iter: 18
  0            1.2648           64.8999            1.7106        6.2088600073e+06
#iter: 19
  0            1.2849           75.6578            1.1493        6.7723322341e+06
