#iter: 0
  0            1.9742            1.0000            1.0000        3.4790688329e+07
#iter: 1
  0            1.6452          186.3861            1.5582        2.5384358781e+07
#iter: 2
  0            1.0700          706.2315            1.9232        5.1429559315e+07
#iter: 3
  0            1.8636          236.7443            1.8174        2.5541990023e+07
#iter: 4
  0            1.9357          310.4868            1.9014        3.1458671412e+07
#iter: 5
  0            0.8171          317.5808            1.4822        7.4771159977e+07
#iter: 6
  0            0.9133          254.5725            1.4112        5.2468908114e+07
#iter: 7
  0            1.4814          536.9011            1.9229        8.4074761905e+06
#iter: 8
  0            0.6829          891.9468            1.9987        7.8232640331e+07
#iter: 9
  0            1.9442          589.6499            1.6167        3.0697669021e+07
#iter: 10
  0            1.9224          580.7168            1.6336        2.9216333349e+07
#iter: 11
  0            1.8077          834.6761            1.4083        3.3394585367e+07
#iter: 12
  0            1.8019          933.2545            1.4204        2.0700273381e+07
#iter: 13
  0            0.9863          517.1838            1.1460        2.8915619319e+07
#iter: 14
  0            1.0228          522.1656            1.1437        3.4609139325e+08
#iter: 15
  0            0.8199          555.4636            1.3030        6.9919426929e+07
#iter: 16
  0            0.5271          549.3559            1.3157        7.2562505202e+07
#iter: 17
  0            1.1111          514.6203            1.1822        3.2894288114e+07
#iter: 18
  0            1.0641          448.3258            1.1953        4.9085133286e+07
#iter: 19
  0            1.5336          591.9192            1.6295        9.7501661977e+06
#iter: 0
  0        3.4790688329e+07
#iter: 1
  0        3.4790688329e+07
#iter: 2
  0        3.4790688329e+07
#iter: 3
  0        3.4790688329e+07
#iter: 4
  0        3.4790688329e+07
#iter: 5
  0        3.4790688329e+07
#iter: 6
  0        3.4790688329e+07
#iter: 7
  0        3.4790688329e+07
#iter: 8
  0        3.4790688329e+07
#iter: 9
  0        3.4790688329e+07
#iter: 10
  0        3.4790688329e+07
#iter: 11
  0        3.4790688329e+07
#iter: 12
  0        3.4790688329e+07
#iter: 13
  0        3.4790688329e+07
#iter: 14
  0        3.4790688329e+07
#iter: 15
  0        3.4790688329e+07
#iter: 16
  0        3.4790688329e+07
#iter: 17
  0        3.4790688329e+07
#iter: 18
  0        3.4790688329e+07
#iter: 19
  0        3.4790688329e+07
#iter: 0
  0        3.4790688329e+07
#iter: 1
  0        3.4790688329e+07
#iter: 2
  0        3.4790688329e+07
#iter: 3
  0        3.4790688329e+07
#iter: 4
  0        3.4790688329e+07
#iter: 5
  0        3.4790688329e+07
#iter: 6
  0        3.4790688329e+07
#iter: 7
  0        3.4790688329e+07
#iter: 8
  0        3.4790688329e+07
#iter: 9
  0        3.4790688329e+07
#iter: 10
  0        3.4790688329e+07
#iter: 11
  0        3.4790688329e+07
#iter: 12
  0        3.4790688329e+07
#iter: 13
  0        3.4790688329e+07
#iter: 14
  0        3.4790688329e+07
#iter: 15
  0        3.4790688329e+07
#iter: 16
  0        3.4790688329e+07
#iter: 17
  0        3.4790688329e+07
#iter: 18
  0        3.4790688329e+07
#iter: 19
  0        3.4790688329e+07
#iter: 0
  0        3.4790688329e+07
#iter: 1
  0        3.4790688329e+07
#iter: 2
  0        3.4790688329e+07
#iter: 3
  0        3.4790688329e+07
#iter: 4
  0        3.4790688329e+07
#iter: 5
  0        3.4790688329e+07
#iter: 6
  0        3.4790688329e+07
#iter: 7
  0        3.4790688329e+07
#iter: 8
  0        3.4790688329e+07
#iter: 9
  0        3.4790688329e+07
#iter: 10
  0        3.4790688329e+07
#iter: 11
  0        3.4790688329e+07
#iter: 12
  0        3.4790688329e+07
#iter: 13
  0        3.4790688329e+07
#iter: 14
  0        3.4790688329e+07
#iter: 15
  0        3.4790688329e+07
#iter: 16
  0        3.4790688329e+07
#iter: 17
  0        3.4790688329e+07
#iter: 18
  0        3.4790688329e+07
#iter: 19
  0        3.4790688329e+07
#iter: 0
  0            1.9742            1.0000            1.0000        3.4790688329e+07
#iter: 1
  0            0.5653          728.8286            1.5950        7.5106018545e+07
#iter: 2
  0            0.9815          536.2953            1.9518        3.2000093397e+07
#iter: 3
  0            1.6063          360.7210            1.9909        2.7268747424e+07
#iter: 4
  0            1.6529           29.0958            1.6496        2.2491340089e+07
#iter: 5
  0            1.2697          806.4013            1.3261        6.8719254341e+06
#iter: 6
  0            0.9820          285.5172            1.1626        2.9491617344e+07
#iter: 7
  0            1.4051          829.1631            1.5127        1.0537200674e+07
#iter: 8
  0            1.4055          828.8255            1.5132        1.0527154585e+07
#iter: 9
  0            0.9699          886.4484            1.3614        2.8320562489e+07
#iter: 10
  0            0.8919          903.4477            1.3397        5.2674443921e+07
#iter: 11
  0            1.8542          566.2799            1.3158        2.1540148533e+07
#iter: 12
  0            1.8396          612.0986            1.2803        1.9783461003e+07
#iter: 13
  0            1.1589          109.9011            1.9894        3.3568290963e+07
#iter: 14
  0            1.1273          150.7905            1.9719        3.4109546857e+07
#iter: 15
  0            0.9095          740.2104            1.1232        4.2756028145e+07
#iter: 16
  0            0.9660          729.1979            1.1681        2.6808316056e+07
#iter: 17
  0            1.6738          177.7446            1.2619        1.4420598395e+07
#iter: 18
  0            1.4718          166.5737            1.1545        9.0110634807e+06
#iter: 19
  0            0.8844          511.7130            1.9922        6.2776322564e+07
