#iter: 0
  0            1.6941          833.6595            1.1822        9.0566449539e+06
#iter: 1
  0            1.0864            5.8360            1.9846        4.6492594088e+07
#iter: 2
  0            1.2409          503.7812            1.8729        7.4522216959e+06
#iter: 3
  0            1.3764          128.8681            1.7547        1.0482345151e+07
#iter: 4
  0            1.3535          929.8147            1.6636        1.1503087009e+07
#iter: 5
  0            1.3171          883.4689            1.6876        8.6390413196e+06
#iter: 6
  0            0.9608          962.5556            1.7108        3.4443384395e+07
#iter: 7
  0            0.8318          986.4607            1.6447        7.0654350518e+07
#iter: 8
  0            1.5259          742.6739            1.4746        9.3502393494e+06
#iter: 9
  0            1.5068          716.4096            1.4663        8.8830538518e+06
#iter: 10
  0            1.0586          159.1919            1.0033        5.3283142003e+07
#iter: 11
  0            1.1258          153.6894            1.4412        3.3910947399e+07
#iter: 12
  0            1.5465          691.2131            1.7352        1.0798690464e+07
#iter: 13
  0            1.6110          676.2278            1.6739        2.7954996393e+07
#iter: 14
  0            0.5451          660.4340            1.6826        7.6255070533e+07
#iter: 15
  0            0.5049          737.6249            1.8820        7.7646913925e+07
#iter: 16
  0            1.8576          880.2831            1.8282        2.3974786160e+07
#iter: 17
  0            1.6950          892.0483            1.9432        1.1884216428e+07
#iter: 18
  0            1.3531          825.3158            1.9464        1.1178045286e+07
#iter: 19
  0            1.1885          780.0271            1.9561        2.3029882073e+07
#iter: 0
  0        3.4790688329e+07
#iter: 1
  0        3.4790688329e+07
#iter: 2
  0        3.4790688329e+07
#iter: 3
  0        3.4790688329e+07
#iter: 4
  0        3.4790688329e+07
#iter: 5
  0        3.4790688329e+07
#iter: 6
  0        3.4790688329e+07
#iter: 7
  0        3.4790688329e+07
#iter: 8
  0        3.4790688329e+07
#iter: 9
  0        3.4790688329e+07
#iter: 10
  0        3.4790688329e+07
#iter: 11
  0        3.4790688329e+07
#iter: 12
  0        3.4790688329e+07
#iter: 13
  0        3.4790688329e+07
#iter: 14
  0        3.4790688329e+07
#iter: 15
  0        3.4790688329e+07
#iter: 16
  0        3.4790688329e+07
#iter: 17
  0        3.4790688329e+07
#iter: 18
  0        3.4790688329e+07
#iter: 19
  0        3.4790688329e+07
#iter: 0
  0        3.4790688329e+07
#iter: 1
  0        3.4790688329e+07
#iter: 2
  0        3.4790688329e+07
#iter: 3
  0        3.4790688329e+07
#iter: 4
  0        3.4790688329e+07
#iter: 5
  0        3.4790688329e+07
#iter: 6
  0        3.4790688329e+07
#iter: 7
  0        3.4790688329e+07
#iter: 8
  0        3.4790688329e+07
#iter: 9
  0        3.4790688329e+07
#iter: 10
  0        3.4790688329e+07
#iter: 11
  0        3.4790688329e+07
#iter: 12
  0        3.4790688329e+07
#iter: 13
  0        3.4790688329e+07
#iter: 14
  0        3.4790688329e+07
#iter: 15
  0        3.4790688329e+07
#iter: 16
  0        3.4790688329e+07
#iter: 17
  0        3.4790688329e+07
#iter: 18
  0        3.4790688329e+07
#iter: 19
  0        3.4790688329e+07
#iter: 0
  0        3.4790688329e+07
#iter: 1
  0        3.4790688329e+07
#iter: 2
  0        3.4790688329e+07
#iter: 3
  0        3.4790688329e+07
#iter: 4
  0        3.4790688329e+07
#iter: 5
  0        3.4790688329e+07
#iter: 6
  0        3.4790688329e+07
#iter: 7
  0        3.4790688329e+07
#iter: 8
  0        3.4790688329e+07
#iter: 9
  0        3.4790688329e+07
#iter: 10
  0        3.4790688329e+07
#iter: 11
  0        3.4790688329e+07
#iter: 12
  0        3.4790688329e+07
#iter: 13
  0        3.4790688329e+07
#iter: 14
  0        3.4790688329e+07
#iter: 15
  0        3.4790688329e+07
#iter: 16
  0        3.4790688329e+07
#iter: 17
  0        3.4790688329e+07
#iter: 18
  0        3.4790688329e+07
#iter: 19
  0        3.4790688329e+07
#iter: 0
  0            1.7654          934.1659            1.1615        1.0928700080e+07
#iter: 1
  0            1.4206          471.2503            1.2607        1.0543351562e+07
#iter: 2
  0            1.1275          529.7224            1.3451        3.0838153036e+07
#iter: 3
  0            1.4821          457.3349            1.5175        8.5647700410e+06
#iter: 4
  0            1.6876          586.8182            1.7378        1.2238569335e+07
#iter: 5
  0            1.5192          468.2561            1.6597        9.1235983897e+06
#iter: 6
  0            1.4737          443.1459            1.7039        8.8472139856e+06
#iter: 7
  0            1.1532          340.4263            1.4502        2.6979307148e+07
#iter: 8
  0            1.2026          330.5024            1.4891        1.8899845104e+07
#iter: 9
  0            1.4837          648.2049            1.7933        8.6768188668e+06
#iter: 10
  0            1.4765          643.8718            1.8104        8.7388771679e+06
#iter: 11
  0            1.4668          623.9918            1.2986        9.6100700185e+06
#iter: 12
  0            1.5070          587.3828            1.2422        9.0696308378e+06
#iter: 13
  0            1.3016          186.1981            1.7086        7.4106673014e+06
#iter: 14
  0            1.1867          869.6022            1.9589        2.3510162696e+07
#iter: 15
  0            1.2984          497.0457            1.4226        7.6013319437e+06
#iter: 16
  0            1.1915          531.5775            1.3083        2.0972632133e+07
#iter: 17
  0            1.3310          458.3499            1.5600        8.7741343663e+06
#iter: 18
  0            1.3532          323.9187            1.4664        1.1264048981e+07
#iter: 19
  0            1.2125          219.2684            1.0328        1.4693092572e+07
