    0         1.0928700080e+07
    1         1.0543351562e+07
    2         9.3768288135e+06
    3         6.8675680600e+06
    4         6.4118739308e+06
    5         6.4118739308e+06
    6         6.4118739308e+06
    7         6.4118739308e+06
    8         6.4118739308e+06
    9         6.4118739308e+06
   10         6.4118739308e+06
   11         6.4118739308e+06
   12         6.4118739308e+06
   13         6.4118739308e+06
   14         6.4118739308e+06
   15         6.4118739308e+06
   16         6.3574959494e+06
   17         6.3574959494e+06
   18         6.2088600073e+06
   19         6.2088600073e+06
