#iter: 0
  0            1.1061          951.3916            1.7884        3.8077472019e+07
#iter: 1
  0            1.8171          840.4503            1.5858        5.2567344803e+07
#iter: 2
  0            1.6794          141.6864            1.6267        1.3675430622e+07
#iter: 3
  0            1.0396          659.2472            1.8138        6.4822733754e+07
#iter: 4
  0            1.4053          534.9268            1.7064        1.0031120695e+07
#iter: 5
  0            1.5658          367.9012            1.6592        1.4002560084e+07
#iter: 6
  0            1.2497          516.1456            1.7520        6.6260454181e+06
#iter: 7
  0            1.0205          362.8062            1.8193        3.6078792760e+08
#iter: 8
  0            1.3869          799.7093            1.7117        1.0591810427e+07
#iter: 9
  0            1.3714          790.5410            1.6988        1.0977343738e+07
#iter: 10
  0            1.1449          784.5861            1.7938        2.8679119305e+07
#iter: 11
  0            1.0719          786.8453            1.7562        4.9819556069e+07
#iter: 12
  0            1.6486          964.4905            1.7230        2.3450643574e+07
#iter: 13
  0            1.6181          341.0917            1.8046        2.9543320379e+07
#iter: 14
  0            0.5156          679.9269            1.9854        7.8035032054e+07
#iter: 15
  0            0.7001          664.1680            1.9123        7.8510503401e+07
#iter: 16
  0            1.4451          932.2023            1.8126        9.7089400113e+06
#iter: 17
  0            1.3977          915.6364            1.8280        1.0271717462e+07
#iter: 18
  0            1.1461          341.3134            1.9051        2.9354012150e+07
#iter: 19
  0            1.2318          432.9837            1.5966        8.9886745437e+06
#iter: 0
  0        3.4790688329e+07
#iter: 1
  0        3.4790688329e+07
#iter: 2
  0        3.4790688329e+07
#iter: 3
  0        3.4790688329e+07
#iter: 4
  0        3.4790688329e+07
#iter: 5
  0        3.4790688329e+07
#iter: 6
  0        3.4790688329e+07
#iter: 7
  0        3.4790688329e+07
#iter: 8
  0        3.4790688329e+07
#iter: 9
  0        3.4790688329e+07
#iter: 10
  0        3.4790688329e+07
#iter: 11
  0        3.4790688329e+07
#iter: 12
  0        3.4790688329e+07
#iter: 13
  0        3.4790688329e+07
#iter: 14
  0        3.4790688329e+07
#iter: 15
  0        3.4790688329e+07
#iter: 16
  0        3.4790688329e+07
#iter: 17
  0        3.4790688329e+07
#iter: 18
  0        3.4790688329e+07
#iter: 19
  0        3.4790688329e+07
#iter: 0
  0        3.4790688329e+07
#iter: 1
  0        3.4790688329e+07
#iter: 2
  0        3.4790688329e+07
#iter: 3
  0        3.4790688329e+07
#iter: 4
  0        3.4790688329e+07
#iter: 5
  0        3.4790688329e+07
#iter: 6
  0        3.4790688329e+07
#iter: 7
  0        3.4790688329e+07
#iter: 8
  0        3.4790688329e+07
#iter: 9
  0        3.4790688329e+07
#iter: 10
  0        3.4790688329e+07
#iter: 11
  0        3.4790688329e+07
#iter: 12
  0        3.4790688329e+07
#iter: 13
  0        3.4790688329e+07
#iter: 14
  0        3.4790688329e+07
#iter: 15
  0        3.4790688329e+07
#iter: 16
  0        3.4790688329e+07
#iter: 17
  0        3.4790688329e+07
#iter: 18
  0        3.4790688329e+07
#iter: 19
  0        3.4790688329e+07
#iter: 0
  0        3.4790688329e+07
#iter: 1
  0        3.4790688329e+07
#iter: 2
  0        3.4790688329e+07
#iter: 3
  0        3.4790688329e+07
#iter: 4
  0        3.4790688329e+07
#iter: 5
  0        3.4790688329e+07
#iter: 6
  0        3.4790688329e+07
#iter: 7
  0        3.4790688329e+07
#iter: 8
  0        3.4790688329e+07
#iter: 9
  0        3.4790688329e+07
#iter: 10
  0        3.4790688329e+07
#iter: 11
  0        3.4790688329e+07
#iter: 12
  0        3.4790688329e+07
#iter: 13
  0        3.4790688329e+07
#iter: 14
  0        3.4790688329e+07
#iter: 15
  0        3.4790688329e+07
#iter: 16
  0        3.4790688329e+07
#iter: 17
  0        3.4790688329e+07
#iter: 18
  0        3.4790688329e+07
#iter: 19
  0        3.4790688329e+07
#iter: 0
  0            1.8446          678.9704            1.3085        2.0025632269e+07
#iter: 1
  0            1.0806          778.9211            1.1610        3.8135985085e+07
#iter: 2
  0            1.9646          261.0780            1.3918        3.2485779816e+07
#iter: 3
  0            1.5093          387.3712            1.3289        8.9368817906e+06
#iter: 4
  0            1.1536          824.3698            1.6610        2.6395578003e+07
#iter: 5
  0            1.3058          184.0373            1.8847        7.5919822380e+06
#iter: 6
  0            1.3562          206.7568            1.5589        1.1038248703e+07
#iter: 7
  0            1.1513          861.2084            1.8916        2.7623139915e+07
#iter: 8
  0            1.0723          752.0933            1.9219        5.0437922420e+07
#iter: 9
  0            1.6341          358.0537            1.5602        2.8513312099e+07
#iter: 10
  0            1.6192          359.6465            1.5703        2.9419870650e+07
#iter: 11
  0            0.8723          430.0061            1.8208        6.5916067069e+07
#iter: 12
  0            0.9752          426.8376            1.9728        3.2216124619e+07
#iter: 13
  0            1.5511          521.6598            1.4798        1.1234470428e+07
#iter: 14
  0            1.5388          524.8209            1.4861        1.0053667023e+07
#iter: 15
  0            1.2344           90.6097            1.7487        8.5910375537e+06
#iter: 16
  0            1.3584          149.4633            1.7024        1.0913696843e+07
#iter: 17
  0            1.2982          233.2199            1.1931        7.5656753845e+06
#iter: 18
  0            1.2196            9.0093            1.4048        1.2678334438e+07
#iter: 19
  0            1.3328          207.3065            1.9419        8.6095779843e+06
