#iter: 0
  0            0.7182          143.0945            1.1906        7.7654938553e+07
#iter: 1
  0            0.7357          540.5537            1.2939        7.3211573988e+07
#iter: 2
  0            0.9070          656.0548            1.5104        5.2745115555e+07
#iter: 3
  0            1.6651          644.4191            1.2508        1.5640407784e+07
#iter: 4
  0            1.7798          309.5986            1.8650        1.8045253421e+07
#iter: 5
  0            1.6709          676.8811            1.9936        1.5473686281e+07
#iter: 6
  0            1.5530          233.5462            1.3480        1.1588143197e+07
#iter: 7
  0            1.0449          239.9557            1.9639        6.3529004696e+07
#iter: 8
  0            0.8863          639.4650            1.6634        6.0537045470e+07
#iter: 9
  0            0.7316          603.2624            1.7520        7.8073921729e+07
#iter: 10
  0            1.9837          845.5879            1.6221        3.2725656091e+07
#iter: 11
  0            1.9081          798.4203            1.6123        2.7388575300e+07
#iter: 12
  0            1.5988          978.5189            1.0389        2.1833229583e+07
#iter: 13
  0            1.6025          986.9607            1.0062        2.2891732656e+07
#iter: 14
  0            1.0239           80.3273            1.6189        3.4691575385e+08
#iter: 15
  0            1.0133           75.5628            1.6235        2.8072597887e+08
#iter: 16
  0            1.6972          501.5981            1.0478        9.0877577551e+06
#iter: 17
  0            1.7800          709.6110            1.8171        1.7511481319e+07
#iter: 18
  0            1.0016          228.1663            1.2005        9.8158969281e+07
#iter: 19
  0            1.0339          128.9503            1.1637        6.7335053146e+07
#iter: 0
  0        3.4790688329e+07
#iter: 1
  0        3.4790688329e+07
#iter: 2
  0        3.4790688329e+07
#iter: 3
  0        3.4790688329e+07
#iter: 4
  0        3.4790688329e+07
#iter: 5
  0        3.4790688329e+07
#iter: 6
  0        3.4790688329e+07
#iter: 7
  0        3.4790688329e+07
#iter: 8
  0        3.4790688329e+07
#iter: 9
  0        3.4790688329e+07
#iter: 10
  0        3.4790688329e+07
#iter: 11
  0        3.4790688329e+07
#iter: 12
  0        3.4790688329e+07
#iter: 13
  0        3.4790688329e+07
#iter: 14
  0        3.4790688329e+07
#iter: 15
  0        3.4790688329e+07
#iter: 16
  0        3.4790688329e+07
#iter: 17
  0        3.4790688329e+07
#iter: 18
  0        3.4790688329e+07
#iter: 19
  0        3.4790688329e+07
#iter: 0
  0        3.4790688329e+07
#iter: 1
  0        3.4790688329e+07
#iter: 2
  0        3.4790688329e+07
#iter: 3
  0        3.4790688329e+07
#iter: 4
  0        3.4790688329e+07
#iter: 5
  0        3.4790688329e+07
#iter: 6
  0        3.4790688329e+07
#iter: 7
  0        3.4790688329e+07
#iter: 8
  0        3.4790688329e+07
#iter: 9
  0        3.4790688329e+07
#iter: 10
  0        3.4790688329e+07
#iter: 11
  0        3.4790688329e+07
#iter: 12
  0        3.4790688329e+07
#iter: 13
  0        3.4790688329e+07
#iter: 14
  0        3.4790688329e+07
#iter: 15
  0        3.4790688329e+07
#iter: 16
  0        3.4790688329e+07
#iter: 17
  0        3.4790688329e+07
#iter: 18
  0        3.4790688329e+07
#iter: 19
  0        3.4790688329e+07
#iter: 0
  0        3.4790688329e+07
#iter: 1
  0        3.4790688329e+07
#iter: 2
  0        3.4790688329e+07
#iter: 3
  0        3.4790688329e+07
#iter: 4
  0        3.4790688329e+07
#iter: 5
  0        3.4790688329e+07
#iter: 6
  0        3.4790688329e+07
#iter: 7
  0        3.4790688329e+07
#iter: 8
  0        3.4790688329e+07
#iter: 9
  0        3.4790688329e+07
#iter: 10
  0        3.4790688329e+07
#iter: 11
  0        3.4790688329e+07
#iter: 12
  0        3.4790688329e+07
#iter: 13
  0        3.4790688329e+07
#iter: 14
  0        3.4790688329e+07
#iter: 15
  0        3.4790688329e+07
#iter: 16
  0        3.4790688329e+07
#iter: 17
  0        3.4790688329e+07
#iter: 18
  0        3.4790688329e+07
#iter: 19
  0        3.4790688329e+07
#iter: 0
  0            1.4312          894.6352            1.3868        1.1477530732e+07
#iter: 1
  0            1.6926          810.2109            1.9015        1.1962885617e+07
#iter: 2
  0            1.0804          885.1582            1.6777        4.5881771710e+07
#iter: 3
  0            0.8811          734.0369            1.6646        6.1669192736e+07
#iter: 4
  0            1.5674          921.8920            1.3249        1.3471850620e+07
#iter: 5
  0            1.9479           98.0524            1.4911        3.2408036445e+07
#iter: 6
  0            1.6541          859.8829            1.8386        2.1431798991e+07
#iter: 7
  0            1.7698          628.4854            1.8810        1.6805718130e+07
#iter: 8
  0            0.9055          366.9507            1.6890        5.5699347289e+07
#iter: 9
  0            0.9405          357.4584            1.7081        4.3654773042e+07
#iter: 10
  0            1.8990          321.3684            1.5785        2.8003310835e+07
#iter: 11
  0            1.3310          388.4426            1.5541        8.7222673301e+06
#iter: 12
  0            1.1903          370.1174            1.1931        2.1312381423e+07
#iter: 13
  0            1.3217          219.4450            1.7449        8.4391805301e+06
#iter: 14
  0            1.3118          801.2434            1.8179        8.1376355803e+06
#iter: 15
  0            1.2244          308.2650            1.4346        1.0835770075e+07
#iter: 16
  0            1.3589          339.7498            1.9688        1.0917457816e+07
#iter: 17
  0            1.3039          257.4164            1.9642        7.5040427551e+06
#iter: 18
  0            1.2386          588.2721            1.6492        7.7885680926e+06
#iter: 19
  0            1.3294            1.7597            1.5688        8.3477920023e+06
