#iter: 0
  0            1.6456          840.4841            1.7725        2.4828519629e+07
#iter: 1
  0            0.8626          465.9668            1.7291        6.7848197159e+07
#iter: 2
  0            1.1091          253.7110            1.7254        3.8608440393e+07
#iter: 3
  0            1.0907          250.5630            1.7041        4.4290523376e+07
#iter: 4
  0            1.8616          952.6647            1.9008        2.4463822066e+07
#iter: 5
  0            0.7178          958.3361            1.7424        7.6625844679e+07
#iter: 6
  0            1.9362          647.4359            1.7412        3.0496359081e+07
#iter: 7
  0            1.3900          704.3423            1.7530        1.0424185399e+07
#iter: 8
  0            1.2038          860.1393            1.7851        1.8457124000e+07
#iter: 9
  0            1.3505          645.1858            1.7161        1.1311262845e+07
#iter: 10
  0            1.4762          794.4115            1.6395        8.9077994871e+06
#iter: 11
  0            1.2150          955.6379            1.8391        1.4101499846e+07
#iter: 12
  0            1.1000            7.3343            1.8712        4.1979455566e+07
#iter: 13
  0            1.1391            6.8152            1.8245        3.1397286549e+07
#iter: 14
  0            1.9631          489.5339            1.6717        3.2596107474e+07
#iter: 15
  0            1.9752          489.8351            1.6680        3.3456352952e+07
#iter: 16
  0            1.3120          992.8540            1.8994        8.1555993684e+06
#iter: 17
  0            0.9898          505.6745            1.0007        2.9975181532e+07
#iter: 18
  0            0.9878          782.1171            1.4581        3.3001602435e+07
#iter: 19
  0            1.0205          777.7647            1.5014        3.5652043139e+08
#iter: 0
  0        3.4790688329e+07
#iter: 1
  0        3.4790688329e+07
#iter: 2
  0        3.4790688329e+07
#iter: 3
  0        3.4790688329e+07
#iter: 4
  0        3.4790688329e+07
#iter: 5
  0        3.4790688329e+07
#iter: 6
  0        3.4790688329e+07
#iter: 7
  0        3.4790688329e+07
#iter: 8
  0        3.4790688329e+07
#iter: 9
  0        3.4790688329e+07
#iter: 10
  0        3.4790688329e+07
#iter: 11
  0        3.4790688329e+07
#iter: 12
  0        3.4790688329e+07
#iter: 13
  0        3.4790688329e+07
#iter: 14
  0        3.4790688329e+07
#iter: 15
  0        3.4790688329e+07
#iter: 16
  0        3.4790688329e+07
#iter: 17
  0        3.4790688329e+07
#iter: 18
  0        3.4790688329e+07
#iter: 19
  0        3.4790688329e+07
#iter: 0
  0        3.4790688329e+07
#iter: 1
  0        3.4790688329e+07
#iter: 2
  0        3.4790688329e+07
#iter: 3
  0        3.4790688329e+07
#iter: 4
  0        3.4790688329e+07
#iter: 5
  0        3.4790688329e+07
#iter: 6
  0        3.4790688329e+07
#iter: 7
  0        3.4790688329e+07
#iter: 8
  0        3.4790688329e+07
#iter: 9
  0        3.4790688329e+07
#iter: 10
  0        3.4790688329e+07
#iter: 11
  0        3.4790688329e+07
#iter: 12
  0        3.4790688329e+07
#iter: 13
  0        3.4790688329e+07
#iter: 14
  0        3.4790688329e+07
#iter: 15
  0        3.4790688329e+07
#iter: 16
  0        3.4790688329e+07
#iter: 17
  0        3.4790688329e+07
#iter: 18
  0        3.4790688329e+07
#iter: 19
  0        3.4790688329e+07
#iter: 0
  0        3.4790688329e+07
#iter: 1
  0        3.4790688329e+07
#iter: 2
  0        3.4790688329e+07
#iter: 3
  0        3.4790688329e+07
#iter: 4
  0        3.4790688329e+07
#iter: 5
  0        3.4790688329e+07
#iter: 6
  0        3.4790688329e+07
#iter: 7
  0        3.4790688329e+07
#iter: 8
  0        3.4790688329e+07
#iter: 9
  0        3.4790688329e+07
#iter: 10
  0        3.4790688329e+07
#iter: 11
  0        3.4790688329e+07
#iter: 12
  0        3.4790688329e+07
#iter: 13
  0        3.4790688329e+07
#iter: 14
  0        3.4790688329e+07
#iter: 15
  0        3.4790688329e+07
#iter: 16
  0        3.4790688329e+07
#iter: 17
  0        3.4790688329e+07
#iter: 18
  0        3.4790688329e+07
#iter: 19
  0        3.4790688329e+07
#iter: 0
  0            1.3473          269.5261            1.4754        1.1267045286e+07
#iter: 1
  0            1.0238          391.5050            1.3605        3.4414793792e+08
#iter: 2
  0            1.3592          821.4671            1.4352        1.1831117581e+07
#iter: 3
  0            1.3576          847.0813            1.4039        1.2019109451e+07
#iter: 4
  0            1.5825          374.5125            1.7616        1.8953185007e+07
#iter: 5
  0            1.5430          359.2291            1.6945        1.0526495947e+07
#iter: 6
  0            1.2780            7.5099            1.9087        6.4916796385e+06
#iter: 7
  0            1.0713          695.3371            1.5858        4.9246103174e+07
#iter: 8
  0            1.3764          580.5372            1.8769        1.0620160897e+07
#iter: 9
  0            1.3385          564.0232            1.8460        1.0862639161e+07
#iter: 10
  0            1.1901          414.0720            1.5123        2.2261203197e+07
#iter: 11
  0            1.2108          456.8790            1.4864        1.5777139173e+07
#iter: 12
  0            1.3367          952.3107            1.5157        1.1288627488e+07
#iter: 13
  0            1.3382          924.5443            1.5123        1.1516777800e+07
#iter: 14
  0            1.2105          674.9165            1.3315        1.5343828659e+07
#iter: 15
  0            1.2192          706.3129            1.3275        1.2028460397e+07
#iter: 16
  0            1.2715           97.5893            1.9986        6.3574959494e+06
#iter: 17
  0            1.2964          834.1980            1.1223        9.6880888216e+06
#iter: 18
  0            1.2722          929.3872            1.3883        6.9373179462e+06
#iter: 19
  0            1.2714          952.8962            1.3924        6.9161835912e+06
