#iter: 0
  0            1.2813          623.8791            1.7428        6.7006206255e+06
#iter: 1
  0            0.9683          138.8210            1.5664        3.3945588123e+07
#iter: 2
  0            1.7264          627.8552            1.9936        1.3317490987e+07
#iter: 3
  0            1.7263          627.9455            1.9936        1.3309079991e+07
#iter: 4
  0            1.1140          226.5061            1.6485        3.7167608008e+07
#iter: 5
  0            1.0903          233.6670            1.6635        4.4398563835e+07
#iter: 6
  0            1.4517          999.4510            1.7975        9.3901749024e+06
#iter: 7
  0            1.4959          720.7519            1.7934        8.6351106811e+06
#iter: 8
  0            1.0705          174.5155            1.7247        5.2011177991e+07
#iter: 9
  0            0.9842          108.8431            1.7253        3.3455606180e+07
#iter: 10
  0            1.5462          835.1348            1.7641        1.0745906964e+07
#iter: 11
  0            1.5135          836.1429            1.7691        8.9648100147e+06
#iter: 12
  0            1.0696          342.1551            1.7411        5.1907555316e+07
#iter: 13
  0            1.0368          428.9570            1.7359        6.6626685152e+07
#iter: 14
  0            1.3222          906.2623            1.8783        8.6411979256e+06
#iter: 15
  0            1.3921           34.1148            1.8364        1.0061052973e+07
#iter: 16
  0            1.0199          941.2169            1.8661        3.5765021677e+08
#iter: 17
  0            0.9306          965.8894            1.7719        4.5738486389e+07
#iter: 18
  0            1.7001          119.4248            1.9896        1.2337769929e+07
#iter: 19
  0            1.7307          115.2951            1.9868        1.4018221648e+07
#iter: 0
  0        3.4790688329e+07
#iter: 1
  0        3.4790688329e+07
#iter: 2
  0        3.4790688329e+07
#iter: 3
  0        3.4790688329e+07
#iter: 4
  0        3.4790688329e+07
#iter: 5
  0        3.4790688329e+07
#iter: 6
  0        3.4790688329e+07
#iter: 7
  0        3.4790688329e+07
#iter: 8
  0        3.4790688329e+07
#iter: 9
  0        3.4790688329e+07
#iter: 10
  0        3.4790688329e+07
#iter: 11
  0        3.4790688329e+07
#iter: 12
  0        3.4790688329e+07
#iter: 13
  0        3.4790688329e+07
#iter: 14
  0        3.4790688329e+07
#iter: 15
  0        3.4790688329e+07
#iter: 16
  0        3.4790688329e+07
#iter: 17
  0        3.4790688329e+07
#iter: 18
  0        3.4790688329e+07
#iter: 19
  0        3.4790688329e+07
#iter: 0
  0        3.4790688329e+07
#iter: 1
  0        3.4790688329e+07
#iter: 2
  0        3.4790688329e+07
#iter: 3
  0        3.4790688329e+07
#iter: 4
  0        3.4790688329e+07
#iter: 5
  0        3.4790688329e+07
#iter: 6
  0        3.4790688329e+07
#iter: 7
  0        3.4790688329e+07
#iter: 8
  0        3.4790688329e+07
#iter: 9
  0        3.4790688329e+07
#iter: 10
  0        3.4790688329e+07
#iter: 11
  0        3.4790688329e+07
#iter: 12
  0        3.4790688329e+07
#iter: 13
  0        3.4790688329e+07
#iter: 14
  0        3.4790688329e+07
#iter: 15
  0        3.4790688329e+07
#iter: 16
  0        3.4790688329e+07
#iter: 17
  0        3.4790688329e+07
#iter: 18
  0        3.4790688329e+07
#iter: 19
  0        3.4790688329e+07
#iter: 0
  0        3.4790688329e+07
#iter: 1
  0        3.4790688329e+07
#iter: 2
  0        3.4790688329e+07
#iter: 3
  0        3.4790688329e+07
#iter: 4
  0        3.4790688329e+07
#iter: 5
  0        3.4790688329e+07
#iter: 6
  0        3.4790688329e+07
#iter: 7
  0        3.4790688329e+07
#iter: 8
  0        3.4790688329e+07
#iter: 9
  0        3.4790688329e+07
#iter: 10
  0        3.4790688329e+07
#iter: 11
  0        3.4790688329e+07
#iter: 12
  0        3.4790688329e+07
#iter: 13
  0        3.4790688329e+07
#iter: 14
  0        3.4790688329e+07
#iter: 15
  0        3.4790688329e+07
#iter: 16
  0        3.4790688329e+07
#iter: 17
  0        3.4790688329e+07
#iter: 18
  0        3.4790688329e+07
#iter: 19
  0        3.4790688329e+07
#iter: 0
  0            1.1734          180.1235            1.4514        2.7763832634e+07
#iter: 1
  0            1.0384          158.3287            1.2032        6.4848098788e+07
#iter: 2
  0            1.5262          368.5052            1.4575        9.3768288135e+06
#iter: 3
  0            1.9287          999.3423            1.6673        2.8704998529e+07
#iter: 4
  0            1.0110          425.6458            1.6531        2.3840487022e+08
#iter: 5
  0            1.1449          511.3488            1.5221        2.8225015030e+07
#iter: 6
  0            1.9860          552.6646            1.2653        3.0690807105e+07
#iter: 7
  0            1.8621          512.6041            1.4580        2.3620625634e+07
#iter: 8
  0            1.3771          861.9219            1.8257        1.0745142654e+07
#iter: 9
  0            1.2016          792.7168            1.8170        1.9178275482e+07
#iter: 10
  0            0.8748          218.3381            1.2036        6.3030059590e+07
#iter: 11
  0            0.8017          141.5936            1.1968        7.6022514368e+07
#iter: 12
  0            1.3758          342.5497            1.8888        1.0549702522e+07
#iter: 13
  0            1.3811          331.7564            1.9029        1.0414304611e+07
#iter: 14
  0            1.9428          495.7888            1.7387        3.1318587316e+07
#iter: 15
  0            1.9067          495.9144            1.7324        2.8589728654e+07
#iter: 16
  0            0.5073          990.1791            1.3373        6.8328575047e+07
#iter: 17
  0            0.8922           41.6689            1.3716        6.0951390804e+07
#iter: 18
  0            1.6217          190.7819            1.8939        2.9948352224e+07
#iter: 19
  0            1.5681          234.7069            1.8294        1.4686668832e+07
