#iter: 0
  0            1.4062          370.1019            1.1310        1.0886524400e+07
#iter: 1
  0            1.4740          868.9292            1.3389        9.6775903305e+06
#iter: 2
  0            1.5261          288.6798            1.0968        9.3489416043e+06
#iter: 3
  0            1.1988          161.9561            1.7044        2.0328682566e+07
#iter: 4
  0            1.4654          821.0970            1.0452        1.2571912041e+07
#iter: 5
  0            1.4417          853.1593            1.0485        1.4261240303e+07
#iter: 6
  0            1.6116          768.5584            1.7080        2.8057710572e+07
#iter: 7
  0            1.6059          746.1790            1.7434        2.6726726353e+07
#iter: 8
  0            0.8636          121.9503            1.6174        6.8720342774e+07
#iter: 9
  0            1.0339           73.6412            1.5733        6.9215887030e+07
#iter: 10
  0            0.8265          136.2012            1.1900        7.3603003056e+07
#iter: 11
  0            0.7757          142.7009            1.1711        7.7061272255e+07
#iter: 12
  0            1.9052          215.0341            1.5880        2.8875990113e+07
#iter: 13
  0            1.9451          256.7425            1.5983        3.1778236245e+07
#iter: 14
  0            1.9818          985.9081            1.6472        3.2347149181e+07
#iter: 15
  0            1.9397          979.8816            1.6086        2.9103395284e+07
#iter: 16
  0            1.9372          101.6290            1.8406        3.1872223246e+07
#iter: 17
  0            1.9135           99.1284            1.8257        3.0066389375e+07
#iter: 18
  0            1.1063          122.3914            1.7749        3.9795263961e+07
#iter: 19
  0            1.0418           72.4756            1.7313        6.5282432088e+07
#iter: 0
  0        3.4790688329e+07
#iter: 1
  0        3.4790688329e+07
#iter: 2
  0        3.4790688329e+07
#iter: 3
  0        3.4790688329e+07
#iter: 4
  0        3.4790688329e+07
#iter: 5
  0        3.4790688329e+07
#iter: 6
  0        3.4790688329e+07
#iter: 7
  0        3.4790688329e+07
#iter: 8
  0        3.4790688329e+07
#iter: 9
  0        3.4790688329e+07
#iter: 10
  0        3.4790688329e+07
#iter: 11
  0        3.4790688329e+07
#iter: 12
  0        3.4790688329e+07
#iter: 13
  0        3.4790688329e+07
#iter: 14
  0        3.4790688329e+07
#iter: 15
  0        3.4790688329e+07
#iter: 16
  0        3.4790688329e+07
#iter: 17
  0        3.4790688329e+07
#iter: 18
  0        3.4790688329e+07
#iter: 19
  0        3.4790688329e+07
#iter: 0
  0        3.4790688329e+07
#iter: 1
  0        3.4790688329e+07
#iter: 2
  0        3.4790688329e+07
#iter: 3
  0        3.4790688329e+07
#iter: 4
  0        3.4790688329e+07
#iter: 5
  0        3.4790688329e+07
#iter: 6
  0        3.4790688329e+07
#iter: 7
  0        3.4790688329e+07
#iter: 8
  0        3.4790688329e+07
#iter: 9
  0        3.4790688329e+07
#iter: 10
  0        3.4790688329e+07
#iter: 11
  0        3.4790688329e+07
#iter: 12
  0        3.4790688329e+07
#iter: 13
  0        3.4790688329e+07
#iter: 14
  0        3.4790688329e+07
#iter: 15
  0        3.4790688329e+07
#iter: 16
  0        3.4790688329e+07
#iter: 17
  0        3.4790688329e+07
#iter: 18
  0        3.4790688329e+07
#iter: 19
  0        3.4790688329e+07
#iter: 0
  0        3.4790688329e+07
#iter: 1
  0        3.4790688329e+07
#iter: 2
  0        3.4790688329e+07
#iter: 3
  0        3.4790688329e+07
#iter: 4
  0        3.4790688329e+07
#iter: 5
  0        3.4790688329e+07
#iter: 6
  0        3.4790688329e+07
#iter: 7
  0        3.4790688329e+07
#iter: 8
  0        3.4790688329e+07
#iter: 9
  0        3.4790688329e+07
#iter: 10
  0        3.4790688329e+07
#iter: 11
  0        3.4790688329e+07
#iter: 12
  0        3.4790688329e+07
#iter: 13
  0        3.4790688329e+07
#iter: 14
  0        3.4790688329e+07
#iter: 15
  0        3.4790688329e+07
#iter: 16
  0        3.4790688329e+07
#iter: 17
  0        3.4790688329e+07
#iter: 18
  0        3.4790688329e+07
#iter: 19
  0        3.4790688329e+07
#iter: 0
  0            0.5288          405.1336            1.6989        7.7595026181e+07
#iter: 1
  0            1.5967          178.2678            1.5364        2.4105302134e+07
#iter: 2
  0            0.8181          731.9519            1.2022        6.4817296475e+07
#iter: 3
  0            1.2841          862.2260            1.7261        6.8675680600e+06
#iter: 4
  0            0.6396          796.9975            1.7395        7.6668670340e+07
#iter: 5
  0            0.7710          549.7884            1.8144        7.8214477084e+07
#iter: 6
  0            0.8333          280.0940            1.8719        7.4331573239e+07
#iter: 7
  0            1.7606          401.0996            1.2988        1.4737538257e+07
#iter: 8
  0            1.8018          505.3816            1.2839        2.1227894550e+07
#iter: 9
  0            0.9337          177.7733            1.5595        4.6355823819e+07
#iter: 10
  0            0.9266          134.7174            1.5134        4.8993910098e+07
#iter: 11
  0            1.3399          715.8254            1.4612        1.1573436138e+07
#iter: 12
  0            1.3062          696.2454            1.4191        8.2460434270e+06
#iter: 13
  0            1.3478          685.3225            1.3420        1.2123357112e+07
#iter: 14
  0            1.4560          670.8259            1.4087        9.5977062675e+06
#iter: 15
  0            1.1741          369.7377            1.1191        2.5164426789e+07
#iter: 16
  0            1.1629          402.7269            1.1074        2.8193750607e+07
#iter: 17
  0            1.4316           18.6046            1.9118        1.0312674288e+07
#iter: 18
  0            1.2855           31.6345            1.9690        6.7046792788e+06
#iter: 19
  0            1.2450          375.7075            1.0397        7.1415329846e+06
