  C C60_b1_0.80                                                 
   1 C     0.38245183350000D+02  0.40000000000000D+02  0.43022346290000D+02
   2 C     0.39617443660000D+02  0.38822617680000D+02  0.43341772520000D+02
   3 C     0.41001539240000D+02  0.39272338440000D+02  0.43341772680000D+02
   4 C     0.41001539240000D+02  0.40727661560000D+02  0.43341772680000D+02
   5 C     0.39617443660000D+02  0.41177382320000D+02  0.43341772520000D+02
   6 C     0.42352781720000D+02  0.37391164540000D+02  0.40598681800000D+02
   7 C     0.43208198850000D+02  0.38568546920000D+02  0.40598682250000D+02
   8 C     0.42971765920000D+02  0.39296208680000D+02  0.41836653880000D+02
   9 C     0.41970225280000D+02  0.38568546710000D+02  0.42601762430000D+02
  10 C     0.41587673200000D+02  0.37391164820000D+02  0.41836654010000D+02
  11 C     0.43208198850000D+02  0.41431453080000D+02  0.40598682250000D+02
  12 C     0.42352781720000D+02  0.42608835460000D+02  0.40598681800000D+02
  13 C     0.41587673200000D+02  0.42608835180000D+02  0.41836654010000D+02
  14 C     0.41970225280000D+02  0.41431453290000D+02  0.42601762430000D+02
  15 C     0.42971765920000D+02  0.40703791320000D+02  0.41836653880000D+02
  16 C     0.39629995090000D+02  0.43493523710000D+02  0.40598680740000D+02
  17 C     0.38245898870000D+02  0.43043802810000D+02  0.40598680110000D+02
  18 C     0.38009466060000D+02  0.42316142030000D+02  0.41836652910000D+02
  19 C     0.39247439520000D+02  0.42316141400000D+02  0.42601762850000D+02
  20 C     0.40248979960000D+02  0.43043803710000D+02  0.41836653630000D+02
  21 C     0.36563125030000D+02  0.40727661680000D+02  0.40598679500000D+02
  22 C     0.36563125030000D+02  0.39272338320000D+02  0.40598679500000D+02
  23 C     0.37182108580000D+02  0.38822617630000D+02  0.41836652830000D+02
  24 C     0.37564663120000D+02  0.40000000000000D+02  0.42601760720000D+02
  25 C     0.37182108580000D+02  0.41177382370000D+02  0.41836652830000D+02
  26 C     0.38245898870000D+02  0.36956197190000D+02  0.40598680110000D+02
  27 C     0.39629995090000D+02  0.36506476290000D+02  0.40598680740000D+02
  28 C     0.40248979960000D+02  0.36956196290000D+02  0.41836653630000D+02
  29 C     0.39247439520000D+02  0.37683858600000D+02  0.42601762850000D+02
  30 C     0.38009466060000D+02  0.37683857970000D+02  0.41836652910000D+02
  31 C     0.39751020040000D+02  0.36956196290000D+02  0.38163346370000D+02
  32 C     0.40752560480000D+02  0.37683858600000D+02  0.37398237150000D+02
  33 C     0.41990533940000D+02  0.37683857970000D+02  0.38163347090000D+02
  34 C     0.41754101130000D+02  0.36956197190000D+02  0.39401319890000D+02
  35 C     0.40370004910000D+02  0.36506476290000D+02  0.39401319260000D+02
  36 C     0.42817891420000D+02  0.38822617630000D+02  0.38163347170000D+02
  37 C     0.42435336880000D+02  0.40000000000000D+02  0.37398239280000D+02
  38 C     0.42817891420000D+02  0.41177382370000D+02  0.38163347170000D+02
  39 C     0.43436874970000D+02  0.40727661680000D+02  0.39401320500000D+02
  40 C     0.43436874970000D+02  0.39272338320000D+02  0.39401320500000D+02
  41 C     0.41990533940000D+02  0.42316142030000D+02  0.38163347090000D+02
  42 C     0.40752560480000D+02  0.42316141400000D+02  0.37398237150000D+02
  43 C     0.39751020040000D+02  0.43043803710000D+02  0.38163346370000D+02
  44 C     0.40370004910000D+02  0.43493523710000D+02  0.39401319260000D+02
  45 C     0.41754101130000D+02  0.43043802810000D+02  0.39401319890000D+02
  46 C     0.38412326800000D+02  0.42608835180000D+02  0.38163345990000D+02
  47 C     0.38029774720000D+02  0.41431453290000D+02  0.37398237570000D+02
  48 C     0.37028234080000D+02  0.40703791320000D+02  0.38163346120000D+02
  49 C     0.36791801150000D+02  0.41431453080000D+02  0.39401317750000D+02
  50 C     0.37647218280000D+02  0.42608835460000D+02  0.39401318200000D+02
  51 C     0.37028234080000D+02  0.39296208680000D+02  0.38163346120000D+02
  52 C     0.38029774720000D+02  0.38568546710000D+02  0.37398237570000D+02
  53 C     0.38412326800000D+02  0.37391164820000D+02  0.38163345990000D+02
  54 C     0.37647218280000D+02  0.37391164540000D+02  0.39401318200000D+02
  55 C     0.36791801150000D+02  0.38568546920000D+02  0.39401317750000D+02
  56 C     0.38998460760000D+02  0.39272338440000D+02  0.36658227320000D+02
  57 C     0.38998460760000D+02  0.40727661560000D+02  0.36658227320000D+02
  58 C     0.40382556340000D+02  0.41177382320000D+02  0.36658227480000D+02
  59 C     0.41237973570000D+02  0.40000000000000D+02  0.36658226400000D+02
  60 C     0.40382556340000D+02  0.38822617680000D+02  0.36658227480000D+02

  C C60_b1_0.90                                                 
   1 C     0.38330248370000D+02  0.40000000000000D+02  0.43074919490000D+02
   2 C     0.39617443660000D+02  0.38822617680000D+02  0.43341772520000D+02
   3 C     0.41001539240000D+02  0.39272338440000D+02  0.43341772680000D+02
   4 C     0.41001539240000D+02  0.40727661560000D+02  0.43341772680000D+02
   5 C     0.39617443660000D+02  0.41177382320000D+02  0.43341772520000D+02
   6 C     0.42352781720000D+02  0.37391164540000D+02  0.40598681800000D+02
   7 C     0.43208198850000D+02  0.38568546920000D+02  0.40598682250000D+02
   8 C     0.42971765920000D+02  0.39296208680000D+02  0.41836653880000D+02
   9 C     0.41970225280000D+02  0.38568546710000D+02  0.42601762430000D+02
  10 C     0.41587673200000D+02  0.37391164820000D+02  0.41836654010000D+02
  11 C     0.43208198850000D+02  0.41431453080000D+02  0.40598682250000D+02
  12 C     0.42352781720000D+02  0.42608835460000D+02  0.40598681800000D+02
  13 C     0.41587673200000D+02  0.42608835180000D+02  0.41836654010000D+02
  14 C     0.41970225280000D+02  0.41431453290000D+02  0.42601762430000D+02
  15 C     0.42971765920000D+02  0.40703791320000D+02  0.41836653880000D+02
  16 C     0.39629995090000D+02  0.43493523710000D+02  0.40598680740000D+02
  17 C     0.38245898870000D+02  0.43043802810000D+02  0.40598680110000D+02
  18 C     0.38009466060000D+02  0.42316142030000D+02  0.41836652910000D+02
  19 C     0.39247439520000D+02  0.42316141400000D+02  0.42601762850000D+02
  20 C     0.40248979960000D+02  0.43043803710000D+02  0.41836653630000D+02
  21 C     0.36563125030000D+02  0.40727661680000D+02  0.40598679500000D+02
  22 C     0.36563125030000D+02  0.39272338320000D+02  0.40598679500000D+02
  23 C     0.37182108580000D+02  0.38822617630000D+02  0.41836652830000D+02
  24 C     0.37564663120000D+02  0.40000000000000D+02  0.42601760720000D+02
  25 C     0.37182108580000D+02  0.41177382370000D+02  0.41836652830000D+02
  26 C     0.38245898870000D+02  0.36956197190000D+02  0.40598680110000D+02
  27 C     0.39629995090000D+02  0.36506476290000D+02  0.40598680740000D+02
  28 C     0.40248979960000D+02  0.36956196290000D+02  0.41836653630000D+02
  29 C     0.39247439520000D+02  0.37683858600000D+02  0.42601762850000D+02
  30 C     0.38009466060000D+02  0.37683857970000D+02  0.41836652910000D+02
  31 C     0.39751020040000D+02  0.36956196290000D+02  0.38163346370000D+02
  32 C     0.40752560480000D+02  0.37683858600000D+02  0.37398237150000D+02
  33 C     0.41990533940000D+02  0.37683857970000D+02  0.38163347090000D+02
  34 C     0.41754101130000D+02  0.36956197190000D+02  0.39401319890000D+02
  35 C     0.40370004910000D+02  0.36506476290000D+02  0.39401319260000D+02
  36 C     0.42817891420000D+02  0.38822617630000D+02  0.38163347170000D+02
  37 C     0.42435336880000D+02  0.40000000000000D+02  0.37398239280000D+02
  38 C     0.42817891420000D+02  0.41177382370000D+02  0.38163347170000D+02
  39 C     0.43436874970000D+02  0.40727661680000D+02  0.39401320500000D+02
  40 C     0.43436874970000D+02  0.39272338320000D+02  0.39401320500000D+02
  41 C     0.41990533940000D+02  0.42316142030000D+02  0.38163347090000D+02
  42 C     0.40752560480000D+02  0.42316141400000D+02  0.37398237150000D+02
  43 C     0.39751020040000D+02  0.43043803710000D+02  0.38163346370000D+02
  44 C     0.40370004910000D+02  0.43493523710000D+02  0.39401319260000D+02
  45 C     0.41754101130000D+02  0.43043802810000D+02  0.39401319890000D+02
  46 C     0.38412326800000D+02  0.42608835180000D+02  0.38163345990000D+02
  47 C     0.38029774720000D+02  0.41431453290000D+02  0.37398237570000D+02
  48 C     0.37028234080000D+02  0.40703791320000D+02  0.38163346120000D+02
  49 C     0.36791801150000D+02  0.41431453080000D+02  0.39401317750000D+02
  50 C     0.37647218280000D+02  0.42608835460000D+02  0.39401318200000D+02
  51 C     0.37028234080000D+02  0.39296208680000D+02  0.38163346120000D+02
  52 C     0.38029774720000D+02  0.38568546710000D+02  0.37398237570000D+02
  53 C     0.38412326800000D+02  0.37391164820000D+02  0.38163345990000D+02
  54 C     0.37647218280000D+02  0.37391164540000D+02  0.39401318200000D+02
  55 C     0.36791801150000D+02  0.38568546920000D+02  0.39401317750000D+02
  56 C     0.38998460760000D+02  0.39272338440000D+02  0.36658227320000D+02
  57 C     0.38998460760000D+02  0.40727661560000D+02  0.36658227320000D+02
  58 C     0.40382556340000D+02  0.41177382320000D+02  0.36658227480000D+02
  59 C     0.41237973570000D+02  0.40000000000000D+02  0.36658226400000D+02
  60 C     0.40382556340000D+02  0.38822617680000D+02  0.36658227480000D+02

  C C60_b1_1.00                                                 
   1 C     0.38415313400000D+02  0.40000000000000D+02  0.43127492690000D+02
   2 C     0.39617443660000D+02  0.38822617680000D+02  0.43341772520000D+02
   3 C     0.41001539240000D+02  0.39272338440000D+02  0.43341772680000D+02
   4 C     0.41001539240000D+02  0.40727661560000D+02  0.43341772680000D+02
   5 C     0.39617443660000D+02  0.41177382320000D+02  0.43341772520000D+02
   6 C     0.42352781720000D+02  0.37391164540000D+02  0.40598681800000D+02
   7 C     0.43208198850000D+02  0.38568546920000D+02  0.40598682250000D+02
   8 C     0.42971765920000D+02  0.39296208680000D+02  0.41836653880000D+02
   9 C     0.41970225280000D+02  0.38568546710000D+02  0.42601762430000D+02
  10 C     0.41587673200000D+02  0.37391164820000D+02  0.41836654010000D+02
  11 C     0.43208198850000D+02  0.41431453080000D+02  0.40598682250000D+02
  12 C     0.42352781720000D+02  0.42608835460000D+02  0.40598681800000D+02
  13 C     0.41587673200000D+02  0.42608835180000D+02  0.41836654010000D+02
  14 C     0.41970225280000D+02  0.41431453290000D+02  0.42601762430000D+02
  15 C     0.42971765920000D+02  0.40703791320000D+02  0.41836653880000D+02
  16 C     0.39629995090000D+02  0.43493523710000D+02  0.40598680740000D+02
  17 C     0.38245898870000D+02  0.43043802810000D+02  0.40598680110000D+02
  18 C     0.38009466060000D+02  0.42316142030000D+02  0.41836652910000D+02
  19 C     0.39247439520000D+02  0.42316141400000D+02  0.42601762850000D+02
  20 C     0.40248979960000D+02  0.43043803710000D+02  0.41836653630000D+02
  21 C     0.36563125030000D+02  0.40727661680000D+02  0.40598679500000D+02
  22 C     0.36563125030000D+02  0.39272338320000D+02  0.40598679500000D+02
  23 C     0.37182108580000D+02  0.38822617630000D+02  0.41836652830000D+02
  24 C     0.37564663120000D+02  0.40000000000000D+02  0.42601760720000D+02
  25 C     0.37182108580000D+02  0.41177382370000D+02  0.41836652830000D+02
  26 C     0.38245898870000D+02  0.36956197190000D+02  0.40598680110000D+02
  27 C     0.39629995090000D+02  0.36506476290000D+02  0.40598680740000D+02
  28 C     0.40248979960000D+02  0.36956196290000D+02  0.41836653630000D+02
  29 C     0.39247439520000D+02  0.37683858600000D+02  0.42601762850000D+02
  30 C     0.38009466060000D+02  0.37683857970000D+02  0.41836652910000D+02
  31 C     0.39751020040000D+02  0.36956196290000D+02  0.38163346370000D+02
  32 C     0.40752560480000D+02  0.37683858600000D+02  0.37398237150000D+02
  33 C     0.41990533940000D+02  0.37683857970000D+02  0.38163347090000D+02
  34 C     0.41754101130000D+02  0.36956197190000D+02  0.39401319890000D+02
  35 C     0.40370004910000D+02  0.36506476290000D+02  0.39401319260000D+02
  36 C     0.42817891420000D+02  0.38822617630000D+02  0.38163347170000D+02
  37 C     0.42435336880000D+02  0.40000000000000D+02  0.37398239280000D+02
  38 C     0.42817891420000D+02  0.41177382370000D+02  0.38163347170000D+02
  39 C     0.43436874970000D+02  0.40727661680000D+02  0.39401320500000D+02
  40 C     0.43436874970000D+02  0.39272338320000D+02  0.39401320500000D+02
  41 C     0.41990533940000D+02  0.42316142030000D+02  0.38163347090000D+02
  42 C     0.40752560480000D+02  0.42316141400000D+02  0.37398237150000D+02
  43 C     0.39751020040000D+02  0.43043803710000D+02  0.38163346370000D+02
  44 C     0.40370004910000D+02  0.43493523710000D+02  0.39401319260000D+02
  45 C     0.41754101130000D+02  0.43043802810000D+02  0.39401319890000D+02
  46 C     0.38412326800000D+02  0.42608835180000D+02  0.38163345990000D+02
  47 C     0.38029774720000D+02  0.41431453290000D+02  0.37398237570000D+02
  48 C     0.37028234080000D+02  0.40703791320000D+02  0.38163346120000D+02
  49 C     0.36791801150000D+02  0.41431453080000D+02  0.39401317750000D+02
  50 C     0.37647218280000D+02  0.42608835460000D+02  0.39401318200000D+02
  51 C     0.37028234080000D+02  0.39296208680000D+02  0.38163346120000D+02
  52 C     0.38029774720000D+02  0.38568546710000D+02  0.37398237570000D+02
  53 C     0.38412326800000D+02  0.37391164820000D+02  0.38163345990000D+02
  54 C     0.37647218280000D+02  0.37391164540000D+02  0.39401318200000D+02
  55 C     0.36791801150000D+02  0.38568546920000D+02  0.39401317750000D+02
  56 C     0.38998460760000D+02  0.39272338440000D+02  0.36658227320000D+02
  57 C     0.38998460760000D+02  0.40727661560000D+02  0.36658227320000D+02
  58 C     0.40382556340000D+02  0.41177382320000D+02  0.36658227480000D+02
  59 C     0.41237973570000D+02  0.40000000000000D+02  0.36658226400000D+02
  60 C     0.40382556340000D+02  0.38822617680000D+02  0.36658227480000D+02

  C C60_b1_1.10                                                 
   1 C     0.38500378430000D+02  0.40000000000000D+02  0.43180065880000D+02
   2 C     0.39617443660000D+02  0.38822617680000D+02  0.43341772520000D+02
   3 C     0.41001539240000D+02  0.39272338440000D+02  0.43341772680000D+02
   4 C     0.41001539240000D+02  0.40727661560000D+02  0.43341772680000D+02
   5 C     0.39617443660000D+02  0.41177382320000D+02  0.43341772520000D+02
   6 C     0.42352781720000D+02  0.37391164540000D+02  0.40598681800000D+02
   7 C     0.43208198850000D+02  0.38568546920000D+02  0.40598682250000D+02
   8 C     0.42971765920000D+02  0.39296208680000D+02  0.41836653880000D+02
   9 C     0.41970225280000D+02  0.38568546710000D+02  0.42601762430000D+02
  10 C     0.41587673200000D+02  0.37391164820000D+02  0.41836654010000D+02
  11 C     0.43208198850000D+02  0.41431453080000D+02  0.40598682250000D+02
  12 C     0.42352781720000D+02  0.42608835460000D+02  0.40598681800000D+02
  13 C     0.41587673200000D+02  0.42608835180000D+02  0.41836654010000D+02
  14 C     0.41970225280000D+02  0.41431453290000D+02  0.42601762430000D+02
  15 C     0.42971765920000D+02  0.40703791320000D+02  0.41836653880000D+02
  16 C     0.39629995090000D+02  0.43493523710000D+02  0.40598680740000D+02
  17 C     0.38245898870000D+02  0.43043802810000D+02  0.40598680110000D+02
  18 C     0.38009466060000D+02  0.42316142030000D+02  0.41836652910000D+02
  19 C     0.39247439520000D+02  0.42316141400000D+02  0.42601762850000D+02
  20 C     0.40248979960000D+02  0.43043803710000D+02  0.41836653630000D+02
  21 C     0.36563125030000D+02  0.40727661680000D+02  0.40598679500000D+02
  22 C     0.36563125030000D+02  0.39272338320000D+02  0.40598679500000D+02
  23 C     0.37182108580000D+02  0.38822617630000D+02  0.41836652830000D+02
  24 C     0.37564663120000D+02  0.40000000000000D+02  0.42601760720000D+02
  25 C     0.37182108580000D+02  0.41177382370000D+02  0.41836652830000D+02
  26 C     0.38245898870000D+02  0.36956197190000D+02  0.40598680110000D+02
  27 C     0.39629995090000D+02  0.36506476290000D+02  0.40598680740000D+02
  28 C     0.40248979960000D+02  0.36956196290000D+02  0.41836653630000D+02
  29 C     0.39247439520000D+02  0.37683858600000D+02  0.42601762850000D+02
  30 C     0.38009466060000D+02  0.37683857970000D+02  0.41836652910000D+02
  31 C     0.39751020040000D+02  0.36956196290000D+02  0.38163346370000D+02
  32 C     0.40752560480000D+02  0.37683858600000D+02  0.37398237150000D+02
  33 C     0.41990533940000D+02  0.37683857970000D+02  0.38163347090000D+02
  34 C     0.41754101130000D+02  0.36956197190000D+02  0.39401319890000D+02
  35 C     0.40370004910000D+02  0.36506476290000D+02  0.39401319260000D+02
  36 C     0.42817891420000D+02  0.38822617630000D+02  0.38163347170000D+02
  37 C     0.42435336880000D+02  0.40000000000000D+02  0.37398239280000D+02
  38 C     0.42817891420000D+02  0.41177382370000D+02  0.38163347170000D+02
  39 C     0.43436874970000D+02  0.40727661680000D+02  0.39401320500000D+02
  40 C     0.43436874970000D+02  0.39272338320000D+02  0.39401320500000D+02
  41 C     0.41990533940000D+02  0.42316142030000D+02  0.38163347090000D+02
  42 C     0.40752560480000D+02  0.42316141400000D+02  0.37398237150000D+02
  43 C     0.39751020040000D+02  0.43043803710000D+02  0.38163346370000D+02
  44 C     0.40370004910000D+02  0.43493523710000D+02  0.39401319260000D+02
  45 C     0.41754101130000D+02  0.43043802810000D+02  0.39401319890000D+02
  46 C     0.38412326800000D+02  0.42608835180000D+02  0.38163345990000D+02
  47 C     0.38029774720000D+02  0.41431453290000D+02  0.37398237570000D+02
  48 C     0.37028234080000D+02  0.40703791320000D+02  0.38163346120000D+02
  49 C     0.36791801150000D+02  0.41431453080000D+02  0.39401317750000D+02
  50 C     0.37647218280000D+02  0.42608835460000D+02  0.39401318200000D+02
  51 C     0.37028234080000D+02  0.39296208680000D+02  0.38163346120000D+02
  52 C     0.38029774720000D+02  0.38568546710000D+02  0.37398237570000D+02
  53 C     0.38412326800000D+02  0.37391164820000D+02  0.38163345990000D+02
  54 C     0.37647218280000D+02  0.37391164540000D+02  0.39401318200000D+02
  55 C     0.36791801150000D+02  0.38568546920000D+02  0.39401317750000D+02
  56 C     0.38998460760000D+02  0.39272338440000D+02  0.36658227320000D+02
  57 C     0.38998460760000D+02  0.40727661560000D+02  0.36658227320000D+02
  58 C     0.40382556340000D+02  0.41177382320000D+02  0.36658227480000D+02
  59 C     0.41237973570000D+02  0.40000000000000D+02  0.36658226400000D+02
  60 C     0.40382556340000D+02  0.38822617680000D+02  0.36658227480000D+02

  C C60_b1_1.20                                                 
   1 C     0.38585443460000D+02  0.40000000000000D+02  0.43232639080000D+02
   2 C     0.39617443660000D+02  0.38822617680000D+02  0.43341772520000D+02
   3 C     0.41001539240000D+02  0.39272338440000D+02  0.43341772680000D+02
   4 C     0.41001539240000D+02  0.40727661560000D+02  0.43341772680000D+02
   5 C     0.39617443660000D+02  0.41177382320000D+02  0.43341772520000D+02
   6 C     0.42352781720000D+02  0.37391164540000D+02  0.40598681800000D+02
   7 C     0.43208198850000D+02  0.38568546920000D+02  0.40598682250000D+02
   8 C     0.42971765920000D+02  0.39296208680000D+02  0.41836653880000D+02
   9 C     0.41970225280000D+02  0.38568546710000D+02  0.42601762430000D+02
  10 C     0.41587673200000D+02  0.37391164820000D+02  0.41836654010000D+02
  11 C     0.43208198850000D+02  0.41431453080000D+02  0.40598682250000D+02
  12 C     0.42352781720000D+02  0.42608835460000D+02  0.40598681800000D+02
  13 C     0.41587673200000D+02  0.42608835180000D+02  0.41836654010000D+02
  14 C     0.41970225280000D+02  0.41431453290000D+02  0.42601762430000D+02
  15 C     0.42971765920000D+02  0.40703791320000D+02  0.41836653880000D+02
  16 C     0.39629995090000D+02  0.43493523710000D+02  0.40598680740000D+02
  17 C     0.38245898870000D+02  0.43043802810000D+02  0.40598680110000D+02
  18 C     0.38009466060000D+02  0.42316142030000D+02  0.41836652910000D+02
  19 C     0.39247439520000D+02  0.42316141400000D+02  0.42601762850000D+02
  20 C     0.40248979960000D+02  0.43043803710000D+02  0.41836653630000D+02
  21 C     0.36563125030000D+02  0.40727661680000D+02  0.40598679500000D+02
  22 C     0.36563125030000D+02  0.39272338320000D+02  0.40598679500000D+02
  23 C     0.37182108580000D+02  0.38822617630000D+02  0.41836652830000D+02
  24 C     0.37564663120000D+02  0.40000000000000D+02  0.42601760720000D+02
  25 C     0.37182108580000D+02  0.41177382370000D+02  0.41836652830000D+02
  26 C     0.38245898870000D+02  0.36956197190000D+02  0.40598680110000D+02
  27 C     0.39629995090000D+02  0.36506476290000D+02  0.40598680740000D+02
  28 C     0.40248979960000D+02  0.36956196290000D+02  0.41836653630000D+02
  29 C     0.39247439520000D+02  0.37683858600000D+02  0.42601762850000D+02
  30 C     0.38009466060000D+02  0.37683857970000D+02  0.41836652910000D+02
  31 C     0.39751020040000D+02  0.36956196290000D+02  0.38163346370000D+02
  32 C     0.40752560480000D+02  0.37683858600000D+02  0.37398237150000D+02
  33 C     0.41990533940000D+02  0.37683857970000D+02  0.38163347090000D+02
  34 C     0.41754101130000D+02  0.36956197190000D+02  0.39401319890000D+02
  35 C     0.40370004910000D+02  0.36506476290000D+02  0.39401319260000D+02
  36 C     0.42817891420000D+02  0.38822617630000D+02  0.38163347170000D+02
  37 C     0.42435336880000D+02  0.40000000000000D+02  0.37398239280000D+02
  38 C     0.42817891420000D+02  0.41177382370000D+02  0.38163347170000D+02
  39 C     0.43436874970000D+02  0.40727661680000D+02  0.39401320500000D+02
  40 C     0.43436874970000D+02  0.39272338320000D+02  0.39401320500000D+02
  41 C     0.41990533940000D+02  0.42316142030000D+02  0.38163347090000D+02
  42 C     0.40752560480000D+02  0.42316141400000D+02  0.37398237150000D+02
  43 C     0.39751020040000D+02  0.43043803710000D+02  0.38163346370000D+02
  44 C     0.40370004910000D+02  0.43493523710000D+02  0.39401319260000D+02
  45 C     0.41754101130000D+02  0.43043802810000D+02  0.39401319890000D+02
  46 C     0.38412326800000D+02  0.42608835180000D+02  0.38163345990000D+02
  47 C     0.38029774720000D+02  0.41431453290000D+02  0.37398237570000D+02
  48 C     0.37028234080000D+02  0.40703791320000D+02  0.38163346120000D+02
  49 C     0.36791801150000D+02  0.41431453080000D+02  0.39401317750000D+02
  50 C     0.37647218280000D+02  0.42608835460000D+02  0.39401318200000D+02
  51 C     0.37028234080000D+02  0.39296208680000D+02  0.38163346120000D+02
  52 C     0.38029774720000D+02  0.38568546710000D+02  0.37398237570000D+02
  53 C     0.38412326800000D+02  0.37391164820000D+02  0.38163345990000D+02
  54 C     0.37647218280000D+02  0.37391164540000D+02  0.39401318200000D+02
  55 C     0.36791801150000D+02  0.38568546920000D+02  0.39401317750000D+02
  56 C     0.38998460760000D+02  0.39272338440000D+02  0.36658227320000D+02
  57 C     0.38998460760000D+02  0.40727661560000D+02  0.36658227320000D+02
  58 C     0.40382556340000D+02  0.41177382320000D+02  0.36658227480000D+02
  59 C     0.41237973570000D+02  0.40000000000000D+02  0.36658226400000D+02
  60 C     0.40382556340000D+02  0.38822617680000D+02  0.36658227480000D+02

  C C60_b1_1.30                                                 
   1 C     0.38670508490000D+02  0.40000000000000D+02  0.43285212280000D+02
   2 C     0.39617443660000D+02  0.38822617680000D+02  0.43341772520000D+02
   3 C     0.41001539240000D+02  0.39272338440000D+02  0.43341772680000D+02
   4 C     0.41001539240000D+02  0.40727661560000D+02  0.43341772680000D+02
   5 C     0.39617443660000D+02  0.41177382320000D+02  0.43341772520000D+02
   6 C     0.42352781720000D+02  0.37391164540000D+02  0.40598681800000D+02
   7 C     0.43208198850000D+02  0.38568546920000D+02  0.40598682250000D+02
   8 C     0.42971765920000D+02  0.39296208680000D+02  0.41836653880000D+02
   9 C     0.41970225280000D+02  0.38568546710000D+02  0.42601762430000D+02
  10 C     0.41587673200000D+02  0.37391164820000D+02  0.41836654010000D+02
  11 C     0.43208198850000D+02  0.41431453080000D+02  0.40598682250000D+02
  12 C     0.42352781720000D+02  0.42608835460000D+02  0.40598681800000D+02
  13 C     0.41587673200000D+02  0.42608835180000D+02  0.41836654010000D+02
  14 C     0.41970225280000D+02  0.41431453290000D+02  0.42601762430000D+02
  15 C     0.42971765920000D+02  0.40703791320000D+02  0.41836653880000D+02
  16 C     0.39629995090000D+02  0.43493523710000D+02  0.40598680740000D+02
  17 C     0.38245898870000D+02  0.43043802810000D+02  0.40598680110000D+02
  18 C     0.38009466060000D+02  0.42316142030000D+02  0.41836652910000D+02
  19 C     0.39247439520000D+02  0.42316141400000D+02  0.42601762850000D+02
  20 C     0.40248979960000D+02  0.43043803710000D+02  0.41836653630000D+02
  21 C     0.36563125030000D+02  0.40727661680000D+02  0.40598679500000D+02
  22 C     0.36563125030000D+02  0.39272338320000D+02  0.40598679500000D+02
  23 C     0.37182108580000D+02  0.38822617630000D+02  0.41836652830000D+02
  24 C     0.37564663120000D+02  0.40000000000000D+02  0.42601760720000D+02
  25 C     0.37182108580000D+02  0.41177382370000D+02  0.41836652830000D+02
  26 C     0.38245898870000D+02  0.36956197190000D+02  0.40598680110000D+02
  27 C     0.39629995090000D+02  0.36506476290000D+02  0.40598680740000D+02
  28 C     0.40248979960000D+02  0.36956196290000D+02  0.41836653630000D+02
  29 C     0.39247439520000D+02  0.37683858600000D+02  0.42601762850000D+02
  30 C     0.38009466060000D+02  0.37683857970000D+02  0.41836652910000D+02
  31 C     0.39751020040000D+02  0.36956196290000D+02  0.38163346370000D+02
  32 C     0.40752560480000D+02  0.37683858600000D+02  0.37398237150000D+02
  33 C     0.41990533940000D+02  0.37683857970000D+02  0.38163347090000D+02
  34 C     0.41754101130000D+02  0.36956197190000D+02  0.39401319890000D+02
  35 C     0.40370004910000D+02  0.36506476290000D+02  0.39401319260000D+02
  36 C     0.42817891420000D+02  0.38822617630000D+02  0.38163347170000D+02
  37 C     0.42435336880000D+02  0.40000000000000D+02  0.37398239280000D+02
  38 C     0.42817891420000D+02  0.41177382370000D+02  0.38163347170000D+02
  39 C     0.43436874970000D+02  0.40727661680000D+02  0.39401320500000D+02
  40 C     0.43436874970000D+02  0.39272338320000D+02  0.39401320500000D+02
  41 C     0.41990533940000D+02  0.42316142030000D+02  0.38163347090000D+02
  42 C     0.40752560480000D+02  0.42316141400000D+02  0.37398237150000D+02
  43 C     0.39751020040000D+02  0.43043803710000D+02  0.38163346370000D+02
  44 C     0.40370004910000D+02  0.43493523710000D+02  0.39401319260000D+02
  45 C     0.41754101130000D+02  0.43043802810000D+02  0.39401319890000D+02
  46 C     0.38412326800000D+02  0.42608835180000D+02  0.38163345990000D+02
  47 C     0.38029774720000D+02  0.41431453290000D+02  0.37398237570000D+02
  48 C     0.37028234080000D+02  0.40703791320000D+02  0.38163346120000D+02
  49 C     0.36791801150000D+02  0.41431453080000D+02  0.39401317750000D+02
  50 C     0.37647218280000D+02  0.42608835460000D+02  0.39401318200000D+02
  51 C     0.37028234080000D+02  0.39296208680000D+02  0.38163346120000D+02
  52 C     0.38029774720000D+02  0.38568546710000D+02  0.37398237570000D+02
  53 C     0.38412326800000D+02  0.37391164820000D+02  0.38163345990000D+02
  54 C     0.37647218280000D+02  0.37391164540000D+02  0.39401318200000D+02
  55 C     0.36791801150000D+02  0.38568546920000D+02  0.39401317750000D+02
  56 C     0.38998460760000D+02  0.39272338440000D+02  0.36658227320000D+02
  57 C     0.38998460760000D+02  0.40727661560000D+02  0.36658227320000D+02
  58 C     0.40382556340000D+02  0.41177382320000D+02  0.36658227480000D+02
  59 C     0.41237973570000D+02  0.40000000000000D+02  0.36658226400000D+02
  60 C     0.40382556340000D+02  0.38822617680000D+02  0.36658227480000D+02

  C C60_b1_1.40                                                 
   1 C     0.38755573510000D+02  0.40000000000000D+02  0.43337785470000D+02
   2 C     0.39617443660000D+02  0.38822617680000D+02  0.43341772520000D+02
   3 C     0.41001539240000D+02  0.39272338440000D+02  0.43341772680000D+02
   4 C     0.41001539240000D+02  0.40727661560000D+02  0.43341772680000D+02
   5 C     0.39617443660000D+02  0.41177382320000D+02  0.43341772520000D+02
   6 C     0.42352781720000D+02  0.37391164540000D+02  0.40598681800000D+02
   7 C     0.43208198850000D+02  0.38568546920000D+02  0.40598682250000D+02
   8 C     0.42971765920000D+02  0.39296208680000D+02  0.41836653880000D+02
   9 C     0.41970225280000D+02  0.38568546710000D+02  0.42601762430000D+02
  10 C     0.41587673200000D+02  0.37391164820000D+02  0.41836654010000D+02
  11 C     0.43208198850000D+02  0.41431453080000D+02  0.40598682250000D+02
  12 C     0.42352781720000D+02  0.42608835460000D+02  0.40598681800000D+02
  13 C     0.41587673200000D+02  0.42608835180000D+02  0.41836654010000D+02
  14 C     0.41970225280000D+02  0.41431453290000D+02  0.42601762430000D+02
  15 C     0.42971765920000D+02  0.40703791320000D+02  0.41836653880000D+02
  16 C     0.39629995090000D+02  0.43493523710000D+02  0.40598680740000D+02
  17 C     0.38245898870000D+02  0.43043802810000D+02  0.40598680110000D+02
  18 C     0.38009466060000D+02  0.42316142030000D+02  0.41836652910000D+02
  19 C     0.39247439520000D+02  0.42316141400000D+02  0.42601762850000D+02
  20 C     0.40248979960000D+02  0.43043803710000D+02  0.41836653630000D+02
  21 C     0.36563125030000D+02  0.40727661680000D+02  0.40598679500000D+02
  22 C     0.36563125030000D+02  0.39272338320000D+02  0.40598679500000D+02
  23 C     0.37182108580000D+02  0.38822617630000D+02  0.41836652830000D+02
  24 C     0.37564663120000D+02  0.40000000000000D+02  0.42601760720000D+02
  25 C     0.37182108580000D+02  0.41177382370000D+02  0.41836652830000D+02
  26 C     0.38245898870000D+02  0.36956197190000D+02  0.40598680110000D+02
  27 C     0.39629995090000D+02  0.36506476290000D+02  0.40598680740000D+02
  28 C     0.40248979960000D+02  0.36956196290000D+02  0.41836653630000D+02
  29 C     0.39247439520000D+02  0.37683858600000D+02  0.42601762850000D+02
  30 C     0.38009466060000D+02  0.37683857970000D+02  0.41836652910000D+02
  31 C     0.39751020040000D+02  0.36956196290000D+02  0.38163346370000D+02
  32 C     0.40752560480000D+02  0.37683858600000D+02  0.37398237150000D+02
  33 C     0.41990533940000D+02  0.37683857970000D+02  0.38163347090000D+02
  34 C     0.41754101130000D+02  0.36956197190000D+02  0.39401319890000D+02
  35 C     0.40370004910000D+02  0.36506476290000D+02  0.39401319260000D+02
  36 C     0.42817891420000D+02  0.38822617630000D+02  0.38163347170000D+02
  37 C     0.42435336880000D+02  0.40000000000000D+02  0.37398239280000D+02
  38 C     0.42817891420000D+02  0.41177382370000D+02  0.38163347170000D+02
  39 C     0.43436874970000D+02  0.40727661680000D+02  0.39401320500000D+02
  40 C     0.43436874970000D+02  0.39272338320000D+02  0.39401320500000D+02
  41 C     0.41990533940000D+02  0.42316142030000D+02  0.38163347090000D+02
  42 C     0.40752560480000D+02  0.42316141400000D+02  0.37398237150000D+02
  43 C     0.39751020040000D+02  0.43043803710000D+02  0.38163346370000D+02
  44 C     0.40370004910000D+02  0.43493523710000D+02  0.39401319260000D+02
  45 C     0.41754101130000D+02  0.43043802810000D+02  0.39401319890000D+02
  46 C     0.38412326800000D+02  0.42608835180000D+02  0.38163345990000D+02
  47 C     0.38029774720000D+02  0.41431453290000D+02  0.37398237570000D+02
  48 C     0.37028234080000D+02  0.40703791320000D+02  0.38163346120000D+02
  49 C     0.36791801150000D+02  0.41431453080000D+02  0.39401317750000D+02
  50 C     0.37647218280000D+02  0.42608835460000D+02  0.39401318200000D+02
  51 C     0.37028234080000D+02  0.39296208680000D+02  0.38163346120000D+02
  52 C     0.38029774720000D+02  0.38568546710000D+02  0.37398237570000D+02
  53 C     0.38412326800000D+02  0.37391164820000D+02  0.38163345990000D+02
  54 C     0.37647218280000D+02  0.37391164540000D+02  0.39401318200000D+02
  55 C     0.36791801150000D+02  0.38568546920000D+02  0.39401317750000D+02
  56 C     0.38998460760000D+02  0.39272338440000D+02  0.36658227320000D+02
  57 C     0.38998460760000D+02  0.40727661560000D+02  0.36658227320000D+02
  58 C     0.40382556340000D+02  0.41177382320000D+02  0.36658227480000D+02
  59 C     0.41237973570000D+02  0.40000000000000D+02  0.36658226400000D+02
  60 C     0.40382556340000D+02  0.38822617680000D+02  0.36658227480000D+02

  C C60_b1_1.50                                                 
   1 C     0.38840638540000D+02  0.40000000000000D+02  0.43390358670000D+02
   2 C     0.39617443660000D+02  0.38822617680000D+02  0.43341772520000D+02
   3 C     0.41001539240000D+02  0.39272338440000D+02  0.43341772680000D+02
   4 C     0.41001539240000D+02  0.40727661560000D+02  0.43341772680000D+02
   5 C     0.39617443660000D+02  0.41177382320000D+02  0.43341772520000D+02
   6 C     0.42352781720000D+02  0.37391164540000D+02  0.40598681800000D+02
   7 C     0.43208198850000D+02  0.38568546920000D+02  0.40598682250000D+02
   8 C     0.42971765920000D+02  0.39296208680000D+02  0.41836653880000D+02
   9 C     0.41970225280000D+02  0.38568546710000D+02  0.42601762430000D+02
  10 C     0.41587673200000D+02  0.37391164820000D+02  0.41836654010000D+02
  11 C     0.43208198850000D+02  0.41431453080000D+02  0.40598682250000D+02
  12 C     0.42352781720000D+02  0.42608835460000D+02  0.40598681800000D+02
  13 C     0.41587673200000D+02  0.42608835180000D+02  0.41836654010000D+02
  14 C     0.41970225280000D+02  0.41431453290000D+02  0.42601762430000D+02
  15 C     0.42971765920000D+02  0.40703791320000D+02  0.41836653880000D+02
  16 C     0.39629995090000D+02  0.43493523710000D+02  0.40598680740000D+02
  17 C     0.38245898870000D+02  0.43043802810000D+02  0.40598680110000D+02
  18 C     0.38009466060000D+02  0.42316142030000D+02  0.41836652910000D+02
  19 C     0.39247439520000D+02  0.42316141400000D+02  0.42601762850000D+02
  20 C     0.40248979960000D+02  0.43043803710000D+02  0.41836653630000D+02
  21 C     0.36563125030000D+02  0.40727661680000D+02  0.40598679500000D+02
  22 C     0.36563125030000D+02  0.39272338320000D+02  0.40598679500000D+02
  23 C     0.37182108580000D+02  0.38822617630000D+02  0.41836652830000D+02
  24 C     0.37564663120000D+02  0.40000000000000D+02  0.42601760720000D+02
  25 C     0.37182108580000D+02  0.41177382370000D+02  0.41836652830000D+02
  26 C     0.38245898870000D+02  0.36956197190000D+02  0.40598680110000D+02
  27 C     0.39629995090000D+02  0.36506476290000D+02  0.40598680740000D+02
  28 C     0.40248979960000D+02  0.36956196290000D+02  0.41836653630000D+02
  29 C     0.39247439520000D+02  0.37683858600000D+02  0.42601762850000D+02
  30 C     0.38009466060000D+02  0.37683857970000D+02  0.41836652910000D+02
  31 C     0.39751020040000D+02  0.36956196290000D+02  0.38163346370000D+02
  32 C     0.40752560480000D+02  0.37683858600000D+02  0.37398237150000D+02
  33 C     0.41990533940000D+02  0.37683857970000D+02  0.38163347090000D+02
  34 C     0.41754101130000D+02  0.36956197190000D+02  0.39401319890000D+02
  35 C     0.40370004910000D+02  0.36506476290000D+02  0.39401319260000D+02
  36 C     0.42817891420000D+02  0.38822617630000D+02  0.38163347170000D+02
  37 C     0.42435336880000D+02  0.40000000000000D+02  0.37398239280000D+02
  38 C     0.42817891420000D+02  0.41177382370000D+02  0.38163347170000D+02
  39 C     0.43436874970000D+02  0.40727661680000D+02  0.39401320500000D+02
  40 C     0.43436874970000D+02  0.39272338320000D+02  0.39401320500000D+02
  41 C     0.41990533940000D+02  0.42316142030000D+02  0.38163347090000D+02
  42 C     0.40752560480000D+02  0.42316141400000D+02  0.37398237150000D+02
  43 C     0.39751020040000D+02  0.43043803710000D+02  0.38163346370000D+02
  44 C     0.40370004910000D+02  0.43493523710000D+02  0.39401319260000D+02
  45 C     0.41754101130000D+02  0.43043802810000D+02  0.39401319890000D+02
  46 C     0.38412326800000D+02  0.42608835180000D+02  0.38163345990000D+02
  47 C     0.38029774720000D+02  0.41431453290000D+02  0.37398237570000D+02
  48 C     0.37028234080000D+02  0.40703791320000D+02  0.38163346120000D+02
  49 C     0.36791801150000D+02  0.41431453080000D+02  0.39401317750000D+02
  50 C     0.37647218280000D+02  0.42608835460000D+02  0.39401318200000D+02
  51 C     0.37028234080000D+02  0.39296208680000D+02  0.38163346120000D+02
  52 C     0.38029774720000D+02  0.38568546710000D+02  0.37398237570000D+02
  53 C     0.38412326800000D+02  0.37391164820000D+02  0.38163345990000D+02
  54 C     0.37647218280000D+02  0.37391164540000D+02  0.39401318200000D+02
  55 C     0.36791801150000D+02  0.38568546920000D+02  0.39401317750000D+02
  56 C     0.38998460760000D+02  0.39272338440000D+02  0.36658227320000D+02
  57 C     0.38998460760000D+02  0.40727661560000D+02  0.36658227320000D+02
  58 C     0.40382556340000D+02  0.41177382320000D+02  0.36658227480000D+02
  59 C     0.41237973570000D+02  0.40000000000000D+02  0.36658226400000D+02
  60 C     0.40382556340000D+02  0.38822617680000D+02  0.36658227480000D+02

  C C60_b1_1.60                                                 
   1 C     0.38925703570000D+02  0.40000000000000D+02  0.43442931870000D+02
   2 C     0.39617443660000D+02  0.38822617680000D+02  0.43341772520000D+02
   3 C     0.41001539240000D+02  0.39272338440000D+02  0.43341772680000D+02
   4 C     0.41001539240000D+02  0.40727661560000D+02  0.43341772680000D+02
   5 C     0.39617443660000D+02  0.41177382320000D+02  0.43341772520000D+02
   6 C     0.42352781720000D+02  0.37391164540000D+02  0.40598681800000D+02
   7 C     0.43208198850000D+02  0.38568546920000D+02  0.40598682250000D+02
   8 C     0.42971765920000D+02  0.39296208680000D+02  0.41836653880000D+02
   9 C     0.41970225280000D+02  0.38568546710000D+02  0.42601762430000D+02
  10 C     0.41587673200000D+02  0.37391164820000D+02  0.41836654010000D+02
  11 C     0.43208198850000D+02  0.41431453080000D+02  0.40598682250000D+02
  12 C     0.42352781720000D+02  0.42608835460000D+02  0.40598681800000D+02
  13 C     0.41587673200000D+02  0.42608835180000D+02  0.41836654010000D+02
  14 C     0.41970225280000D+02  0.41431453290000D+02  0.42601762430000D+02
  15 C     0.42971765920000D+02  0.40703791320000D+02  0.41836653880000D+02
  16 C     0.39629995090000D+02  0.43493523710000D+02  0.40598680740000D+02
  17 C     0.38245898870000D+02  0.43043802810000D+02  0.40598680110000D+02
  18 C     0.38009466060000D+02  0.42316142030000D+02  0.41836652910000D+02
  19 C     0.39247439520000D+02  0.42316141400000D+02  0.42601762850000D+02
  20 C     0.40248979960000D+02  0.43043803710000D+02  0.41836653630000D+02
  21 C     0.36563125030000D+02  0.40727661680000D+02  0.40598679500000D+02
  22 C     0.36563125030000D+02  0.39272338320000D+02  0.40598679500000D+02
  23 C     0.37182108580000D+02  0.38822617630000D+02  0.41836652830000D+02
  24 C     0.37564663120000D+02  0.40000000000000D+02  0.42601760720000D+02
  25 C     0.37182108580000D+02  0.41177382370000D+02  0.41836652830000D+02
  26 C     0.38245898870000D+02  0.36956197190000D+02  0.40598680110000D+02
  27 C     0.39629995090000D+02  0.36506476290000D+02  0.40598680740000D+02
  28 C     0.40248979960000D+02  0.36956196290000D+02  0.41836653630000D+02
  29 C     0.39247439520000D+02  0.37683858600000D+02  0.42601762850000D+02
  30 C     0.38009466060000D+02  0.37683857970000D+02  0.41836652910000D+02
  31 C     0.39751020040000D+02  0.36956196290000D+02  0.38163346370000D+02
  32 C     0.40752560480000D+02  0.37683858600000D+02  0.37398237150000D+02
  33 C     0.41990533940000D+02  0.37683857970000D+02  0.38163347090000D+02
  34 C     0.41754101130000D+02  0.36956197190000D+02  0.39401319890000D+02
  35 C     0.40370004910000D+02  0.36506476290000D+02  0.39401319260000D+02
  36 C     0.42817891420000D+02  0.38822617630000D+02  0.38163347170000D+02
  37 C     0.42435336880000D+02  0.40000000000000D+02  0.37398239280000D+02
  38 C     0.42817891420000D+02  0.41177382370000D+02  0.38163347170000D+02
  39 C     0.43436874970000D+02  0.40727661680000D+02  0.39401320500000D+02
  40 C     0.43436874970000D+02  0.39272338320000D+02  0.39401320500000D+02
  41 C     0.41990533940000D+02  0.42316142030000D+02  0.38163347090000D+02
  42 C     0.40752560480000D+02  0.42316141400000D+02  0.37398237150000D+02
  43 C     0.39751020040000D+02  0.43043803710000D+02  0.38163346370000D+02
  44 C     0.40370004910000D+02  0.43493523710000D+02  0.39401319260000D+02
  45 C     0.41754101130000D+02  0.43043802810000D+02  0.39401319890000D+02
  46 C     0.38412326800000D+02  0.42608835180000D+02  0.38163345990000D+02
  47 C     0.38029774720000D+02  0.41431453290000D+02  0.37398237570000D+02
  48 C     0.37028234080000D+02  0.40703791320000D+02  0.38163346120000D+02
  49 C     0.36791801150000D+02  0.41431453080000D+02  0.39401317750000D+02
  50 C     0.37647218280000D+02  0.42608835460000D+02  0.39401318200000D+02
  51 C     0.37028234080000D+02  0.39296208680000D+02  0.38163346120000D+02
  52 C     0.38029774720000D+02  0.38568546710000D+02  0.37398237570000D+02
  53 C     0.38412326800000D+02  0.37391164820000D+02  0.38163345990000D+02
  54 C     0.37647218280000D+02  0.37391164540000D+02  0.39401318200000D+02
  55 C     0.36791801150000D+02  0.38568546920000D+02  0.39401317750000D+02
  56 C     0.38998460760000D+02  0.39272338440000D+02  0.36658227320000D+02
  57 C     0.38998460760000D+02  0.40727661560000D+02  0.36658227320000D+02
  58 C     0.40382556340000D+02  0.41177382320000D+02  0.36658227480000D+02
  59 C     0.41237973570000D+02  0.40000000000000D+02  0.36658226400000D+02
  60 C     0.40382556340000D+02  0.38822617680000D+02  0.36658227480000D+02

  C C60_b1_1.70                                                 
   1 C     0.39010768600000D+02  0.40000000000000D+02  0.43495505060000D+02
   2 C     0.39617443660000D+02  0.38822617680000D+02  0.43341772520000D+02
   3 C     0.41001539240000D+02  0.39272338440000D+02  0.43341772680000D+02
   4 C     0.41001539240000D+02  0.40727661560000D+02  0.43341772680000D+02
   5 C     0.39617443660000D+02  0.41177382320000D+02  0.43341772520000D+02
   6 C     0.42352781720000D+02  0.37391164540000D+02  0.40598681800000D+02
   7 C     0.43208198850000D+02  0.38568546920000D+02  0.40598682250000D+02
   8 C     0.42971765920000D+02  0.39296208680000D+02  0.41836653880000D+02
   9 C     0.41970225280000D+02  0.38568546710000D+02  0.42601762430000D+02
  10 C     0.41587673200000D+02  0.37391164820000D+02  0.41836654010000D+02
  11 C     0.43208198850000D+02  0.41431453080000D+02  0.40598682250000D+02
  12 C     0.42352781720000D+02  0.42608835460000D+02  0.40598681800000D+02
  13 C     0.41587673200000D+02  0.42608835180000D+02  0.41836654010000D+02
  14 C     0.41970225280000D+02  0.41431453290000D+02  0.42601762430000D+02
  15 C     0.42971765920000D+02  0.40703791320000D+02  0.41836653880000D+02
  16 C     0.39629995090000D+02  0.43493523710000D+02  0.40598680740000D+02
  17 C     0.38245898870000D+02  0.43043802810000D+02  0.40598680110000D+02
  18 C     0.38009466060000D+02  0.42316142030000D+02  0.41836652910000D+02
  19 C     0.39247439520000D+02  0.42316141400000D+02  0.42601762850000D+02
  20 C     0.40248979960000D+02  0.43043803710000D+02  0.41836653630000D+02
  21 C     0.36563125030000D+02  0.40727661680000D+02  0.40598679500000D+02
  22 C     0.36563125030000D+02  0.39272338320000D+02  0.40598679500000D+02
  23 C     0.37182108580000D+02  0.38822617630000D+02  0.41836652830000D+02
  24 C     0.37564663120000D+02  0.40000000000000D+02  0.42601760720000D+02
  25 C     0.37182108580000D+02  0.41177382370000D+02  0.41836652830000D+02
  26 C     0.38245898870000D+02  0.36956197190000D+02  0.40598680110000D+02
  27 C     0.39629995090000D+02  0.36506476290000D+02  0.40598680740000D+02
  28 C     0.40248979960000D+02  0.36956196290000D+02  0.41836653630000D+02
  29 C     0.39247439520000D+02  0.37683858600000D+02  0.42601762850000D+02
  30 C     0.38009466060000D+02  0.37683857970000D+02  0.41836652910000D+02
  31 C     0.39751020040000D+02  0.36956196290000D+02  0.38163346370000D+02
  32 C     0.40752560480000D+02  0.37683858600000D+02  0.37398237150000D+02
  33 C     0.41990533940000D+02  0.37683857970000D+02  0.38163347090000D+02
  34 C     0.41754101130000D+02  0.36956197190000D+02  0.39401319890000D+02
  35 C     0.40370004910000D+02  0.36506476290000D+02  0.39401319260000D+02
  36 C     0.42817891420000D+02  0.38822617630000D+02  0.38163347170000D+02
  37 C     0.42435336880000D+02  0.40000000000000D+02  0.37398239280000D+02
  38 C     0.42817891420000D+02  0.41177382370000D+02  0.38163347170000D+02
  39 C     0.43436874970000D+02  0.40727661680000D+02  0.39401320500000D+02
  40 C     0.43436874970000D+02  0.39272338320000D+02  0.39401320500000D+02
  41 C     0.41990533940000D+02  0.42316142030000D+02  0.38163347090000D+02
  42 C     0.40752560480000D+02  0.42316141400000D+02  0.37398237150000D+02
  43 C     0.39751020040000D+02  0.43043803710000D+02  0.38163346370000D+02
  44 C     0.40370004910000D+02  0.43493523710000D+02  0.39401319260000D+02
  45 C     0.41754101130000D+02  0.43043802810000D+02  0.39401319890000D+02
  46 C     0.38412326800000D+02  0.42608835180000D+02  0.38163345990000D+02
  47 C     0.38029774720000D+02  0.41431453290000D+02  0.37398237570000D+02
  48 C     0.37028234080000D+02  0.40703791320000D+02  0.38163346120000D+02
  49 C     0.36791801150000D+02  0.41431453080000D+02  0.39401317750000D+02
  50 C     0.37647218280000D+02  0.42608835460000D+02  0.39401318200000D+02
  51 C     0.37028234080000D+02  0.39296208680000D+02  0.38163346120000D+02
  52 C     0.38029774720000D+02  0.38568546710000D+02  0.37398237570000D+02
  53 C     0.38412326800000D+02  0.37391164820000D+02  0.38163345990000D+02
  54 C     0.37647218280000D+02  0.37391164540000D+02  0.39401318200000D+02
  55 C     0.36791801150000D+02  0.38568546920000D+02  0.39401317750000D+02
  56 C     0.38998460760000D+02  0.39272338440000D+02  0.36658227320000D+02
  57 C     0.38998460760000D+02  0.40727661560000D+02  0.36658227320000D+02
  58 C     0.40382556340000D+02  0.41177382320000D+02  0.36658227480000D+02
  59 C     0.41237973570000D+02  0.40000000000000D+02  0.36658226400000D+02
  60 C     0.40382556340000D+02  0.38822617680000D+02  0.36658227480000D+02

  C C60_b1_1.80                                                 
   1 C     0.39095833630000D+02  0.40000000000000D+02  0.43548078260000D+02
   2 C     0.39617443660000D+02  0.38822617680000D+02  0.43341772520000D+02
   3 C     0.41001539240000D+02  0.39272338440000D+02  0.43341772680000D+02
   4 C     0.41001539240000D+02  0.40727661560000D+02  0.43341772680000D+02
   5 C     0.39617443660000D+02  0.41177382320000D+02  0.43341772520000D+02
   6 C     0.42352781720000D+02  0.37391164540000D+02  0.40598681800000D+02
   7 C     0.43208198850000D+02  0.38568546920000D+02  0.40598682250000D+02
   8 C     0.42971765920000D+02  0.39296208680000D+02  0.41836653880000D+02
   9 C     0.41970225280000D+02  0.38568546710000D+02  0.42601762430000D+02
  10 C     0.41587673200000D+02  0.37391164820000D+02  0.41836654010000D+02
  11 C     0.43208198850000D+02  0.41431453080000D+02  0.40598682250000D+02
  12 C     0.42352781720000D+02  0.42608835460000D+02  0.40598681800000D+02
  13 C     0.41587673200000D+02  0.42608835180000D+02  0.41836654010000D+02
  14 C     0.41970225280000D+02  0.41431453290000D+02  0.42601762430000D+02
  15 C     0.42971765920000D+02  0.40703791320000D+02  0.41836653880000D+02
  16 C     0.39629995090000D+02  0.43493523710000D+02  0.40598680740000D+02
  17 C     0.38245898870000D+02  0.43043802810000D+02  0.40598680110000D+02
  18 C     0.38009466060000D+02  0.42316142030000D+02  0.41836652910000D+02
  19 C     0.39247439520000D+02  0.42316141400000D+02  0.42601762850000D+02
  20 C     0.40248979960000D+02  0.43043803710000D+02  0.41836653630000D+02
  21 C     0.36563125030000D+02  0.40727661680000D+02  0.40598679500000D+02
  22 C     0.36563125030000D+02  0.39272338320000D+02  0.40598679500000D+02
  23 C     0.37182108580000D+02  0.38822617630000D+02  0.41836652830000D+02
  24 C     0.37564663120000D+02  0.40000000000000D+02  0.42601760720000D+02
  25 C     0.37182108580000D+02  0.41177382370000D+02  0.41836652830000D+02
  26 C     0.38245898870000D+02  0.36956197190000D+02  0.40598680110000D+02
  27 C     0.39629995090000D+02  0.36506476290000D+02  0.40598680740000D+02
  28 C     0.40248979960000D+02  0.36956196290000D+02  0.41836653630000D+02
  29 C     0.39247439520000D+02  0.37683858600000D+02  0.42601762850000D+02
  30 C     0.38009466060000D+02  0.37683857970000D+02  0.41836652910000D+02
  31 C     0.39751020040000D+02  0.36956196290000D+02  0.38163346370000D+02
  32 C     0.40752560480000D+02  0.37683858600000D+02  0.37398237150000D+02
  33 C     0.41990533940000D+02  0.37683857970000D+02  0.38163347090000D+02
  34 C     0.41754101130000D+02  0.36956197190000D+02  0.39401319890000D+02
  35 C     0.40370004910000D+02  0.36506476290000D+02  0.39401319260000D+02
  36 C     0.42817891420000D+02  0.38822617630000D+02  0.38163347170000D+02
  37 C     0.42435336880000D+02  0.40000000000000D+02  0.37398239280000D+02
  38 C     0.42817891420000D+02  0.41177382370000D+02  0.38163347170000D+02
  39 C     0.43436874970000D+02  0.40727661680000D+02  0.39401320500000D+02
  40 C     0.43436874970000D+02  0.39272338320000D+02  0.39401320500000D+02
  41 C     0.41990533940000D+02  0.42316142030000D+02  0.38163347090000D+02
  42 C     0.40752560480000D+02  0.42316141400000D+02  0.37398237150000D+02
  43 C     0.39751020040000D+02  0.43043803710000D+02  0.38163346370000D+02
  44 C     0.40370004910000D+02  0.43493523710000D+02  0.39401319260000D+02
  45 C     0.41754101130000D+02  0.43043802810000D+02  0.39401319890000D+02
  46 C     0.38412326800000D+02  0.42608835180000D+02  0.38163345990000D+02
  47 C     0.38029774720000D+02  0.41431453290000D+02  0.37398237570000D+02
  48 C     0.37028234080000D+02  0.40703791320000D+02  0.38163346120000D+02
  49 C     0.36791801150000D+02  0.41431453080000D+02  0.39401317750000D+02
  50 C     0.37647218280000D+02  0.42608835460000D+02  0.39401318200000D+02
  51 C     0.37028234080000D+02  0.39296208680000D+02  0.38163346120000D+02
  52 C     0.38029774720000D+02  0.38568546710000D+02  0.37398237570000D+02
  53 C     0.38412326800000D+02  0.37391164820000D+02  0.38163345990000D+02
  54 C     0.37647218280000D+02  0.37391164540000D+02  0.39401318200000D+02
  55 C     0.36791801150000D+02  0.38568546920000D+02  0.39401317750000D+02
  56 C     0.38998460760000D+02  0.39272338440000D+02  0.36658227320000D+02
  57 C     0.38998460760000D+02  0.40727661560000D+02  0.36658227320000D+02
  58 C     0.40382556340000D+02  0.41177382320000D+02  0.36658227480000D+02
  59 C     0.41237973570000D+02  0.40000000000000D+02  0.36658226400000D+02
  60 C     0.40382556340000D+02  0.38822617680000D+02  0.36658227480000D+02

  C C60_b1_1.90                                                 
   1 C     0.39180898650000D+02  0.40000000000000D+02  0.43600651450000D+02
   2 C     0.39617443660000D+02  0.38822617680000D+02  0.43341772520000D+02
   3 C     0.41001539240000D+02  0.39272338440000D+02  0.43341772680000D+02
   4 C     0.41001539240000D+02  0.40727661560000D+02  0.43341772680000D+02
   5 C     0.39617443660000D+02  0.41177382320000D+02  0.43341772520000D+02
   6 C     0.42352781720000D+02  0.37391164540000D+02  0.40598681800000D+02
   7 C     0.43208198850000D+02  0.38568546920000D+02  0.40598682250000D+02
   8 C     0.42971765920000D+02  0.39296208680000D+02  0.41836653880000D+02
   9 C     0.41970225280000D+02  0.38568546710000D+02  0.42601762430000D+02
  10 C     0.41587673200000D+02  0.37391164820000D+02  0.41836654010000D+02
  11 C     0.43208198850000D+02  0.41431453080000D+02  0.40598682250000D+02
  12 C     0.42352781720000D+02  0.42608835460000D+02  0.40598681800000D+02
  13 C     0.41587673200000D+02  0.42608835180000D+02  0.41836654010000D+02
  14 C     0.41970225280000D+02  0.41431453290000D+02  0.42601762430000D+02
  15 C     0.42971765920000D+02  0.40703791320000D+02  0.41836653880000D+02
  16 C     0.39629995090000D+02  0.43493523710000D+02  0.40598680740000D+02
  17 C     0.38245898870000D+02  0.43043802810000D+02  0.40598680110000D+02
  18 C     0.38009466060000D+02  0.42316142030000D+02  0.41836652910000D+02
  19 C     0.39247439520000D+02  0.42316141400000D+02  0.42601762850000D+02
  20 C     0.40248979960000D+02  0.43043803710000D+02  0.41836653630000D+02
  21 C     0.36563125030000D+02  0.40727661680000D+02  0.40598679500000D+02
  22 C     0.36563125030000D+02  0.39272338320000D+02  0.40598679500000D+02
  23 C     0.37182108580000D+02  0.38822617630000D+02  0.41836652830000D+02
  24 C     0.37564663120000D+02  0.40000000000000D+02  0.42601760720000D+02
  25 C     0.37182108580000D+02  0.41177382370000D+02  0.41836652830000D+02
  26 C     0.38245898870000D+02  0.36956197190000D+02  0.40598680110000D+02
  27 C     0.39629995090000D+02  0.36506476290000D+02  0.40598680740000D+02
  28 C     0.40248979960000D+02  0.36956196290000D+02  0.41836653630000D+02
  29 C     0.39247439520000D+02  0.37683858600000D+02  0.42601762850000D+02
  30 C     0.38009466060000D+02  0.37683857970000D+02  0.41836652910000D+02
  31 C     0.39751020040000D+02  0.36956196290000D+02  0.38163346370000D+02
  32 C     0.40752560480000D+02  0.37683858600000D+02  0.37398237150000D+02
  33 C     0.41990533940000D+02  0.37683857970000D+02  0.38163347090000D+02
  34 C     0.41754101130000D+02  0.36956197190000D+02  0.39401319890000D+02
  35 C     0.40370004910000D+02  0.36506476290000D+02  0.39401319260000D+02
  36 C     0.42817891420000D+02  0.38822617630000D+02  0.38163347170000D+02
  37 C     0.42435336880000D+02  0.40000000000000D+02  0.37398239280000D+02
  38 C     0.42817891420000D+02  0.41177382370000D+02  0.38163347170000D+02
  39 C     0.43436874970000D+02  0.40727661680000D+02  0.39401320500000D+02
  40 C     0.43436874970000D+02  0.39272338320000D+02  0.39401320500000D+02
  41 C     0.41990533940000D+02  0.42316142030000D+02  0.38163347090000D+02
  42 C     0.40752560480000D+02  0.42316141400000D+02  0.37398237150000D+02
  43 C     0.39751020040000D+02  0.43043803710000D+02  0.38163346370000D+02
  44 C     0.40370004910000D+02  0.43493523710000D+02  0.39401319260000D+02
  45 C     0.41754101130000D+02  0.43043802810000D+02  0.39401319890000D+02
  46 C     0.38412326800000D+02  0.42608835180000D+02  0.38163345990000D+02
  47 C     0.38029774720000D+02  0.41431453290000D+02  0.37398237570000D+02
  48 C     0.37028234080000D+02  0.40703791320000D+02  0.38163346120000D+02
  49 C     0.36791801150000D+02  0.41431453080000D+02  0.39401317750000D+02
  50 C     0.37647218280000D+02  0.42608835460000D+02  0.39401318200000D+02
  51 C     0.37028234080000D+02  0.39296208680000D+02  0.38163346120000D+02
  52 C     0.38029774720000D+02  0.38568546710000D+02  0.37398237570000D+02
  53 C     0.38412326800000D+02  0.37391164820000D+02  0.38163345990000D+02
  54 C     0.37647218280000D+02  0.37391164540000D+02  0.39401318200000D+02
  55 C     0.36791801150000D+02  0.38568546920000D+02  0.39401317750000D+02
  56 C     0.38998460760000D+02  0.39272338440000D+02  0.36658227320000D+02
  57 C     0.38998460760000D+02  0.40727661560000D+02  0.36658227320000D+02
  58 C     0.40382556340000D+02  0.41177382320000D+02  0.36658227480000D+02
  59 C     0.41237973570000D+02  0.40000000000000D+02  0.36658226400000D+02
  60 C     0.40382556340000D+02  0.38822617680000D+02  0.36658227480000D+02

