#iter: 0
  0            1.8377          389.7640            1.4212        2.1988677674e+07
#iter: 1
  0            0.6926          903.6185            1.9115        7.7854161340e+07
#iter: 2
  0            1.6206           46.5645            1.2922        2.9864252137e+07
#iter: 3
  0            1.5932           56.1669            1.2930        2.2931116296e+07
#iter: 4
  0            1.4866          212.0805            1.4144        8.8963120596e+06
#iter: 5
  0            0.5874          586.4111            1.5630        7.5709064937e+07
#iter: 6
  0            1.8404          815.5892            1.5820        2.1550802174e+07
#iter: 7
  0            1.8346          806.9616            1.5831        2.1482223751e+07
#iter: 8
  0            1.1309          692.5421            1.6395        3.1446106461e+07
#iter: 9
  0            1.1545          685.9903            1.6697        2.6595873220e+07
#iter: 10
  0            1.6513          244.6273            1.3626        2.2593704071e+07
#iter: 11
  0            1.5844          177.8628            1.3018        1.9458623837e+07
#iter: 12
  0            1.2750          351.7062            1.8150        6.4702241346e+06
#iter: 13
  0            1.0800          603.2597            1.9735        4.7920485026e+07
#iter: 14
  0            1.3921          163.1333            1.9144        1.0096869415e+07
#iter: 15
  0            1.4947          133.0291            1.8610        8.5723013322e+06
#iter: 16
  0            1.2451          928.5290            1.9019        6.9797975285e+06
#iter: 17
  0            1.2239          920.2248            1.8971        1.1009915626e+07
#iter: 18
  0            1.2352          156.9081            1.9359        8.4379906004e+06
#iter: 19
  0            1.3249          151.8894            1.9381        8.3720635477e+06
#iter: 0
  0        3.4790688329e+07
#iter: 1
  0        3.4790688329e+07
#iter: 2
  0        3.4790688329e+07
#iter: 3
  0        3.4790688329e+07
#iter: 4
  0        3.4790688329e+07
#iter: 5
  0        3.4790688329e+07
#iter: 6
  0        3.4790688329e+07
#iter: 7
  0        3.4790688329e+07
#iter: 8
  0        3.4790688329e+07
#iter: 9
  0        3.4790688329e+07
#iter: 10
  0        3.4790688329e+07
#iter: 11
  0        3.4790688329e+07
#iter: 12
  0        3.4790688329e+07
#iter: 13
  0        3.4790688329e+07
#iter: 14
  0        3.4790688329e+07
#iter: 15
  0        3.4790688329e+07
#iter: 16
  0        3.4790688329e+07
#iter: 17
  0        3.4790688329e+07
#iter: 18
  0        3.4790688329e+07
#iter: 19
  0        3.4790688329e+07
#iter: 0
  0        3.4790688329e+07
#iter: 1
  0        3.4790688329e+07
#iter: 2
  0        3.4790688329e+07
#iter: 3
  0        3.4790688329e+07
#iter: 4
  0        3.4790688329e+07
#iter: 5
  0        3.4790688329e+07
#iter: 6
  0        3.4790688329e+07
#iter: 7
  0        3.4790688329e+07
#iter: 8
  0        3.4790688329e+07
#iter: 9
  0        3.4790688329e+07
#iter: 10
  0        3.4790688329e+07
#iter: 11
  0        3.4790688329e+07
#iter: 12
  0        3.4790688329e+07
#iter: 13
  0        3.4790688329e+07
#iter: 14
  0        3.4790688329e+07
#iter: 15
  0        3.4790688329e+07
#iter: 16
  0        3.4790688329e+07
#iter: 17
  0        3.4790688329e+07
#iter: 18
  0        3.4790688329e+07
#iter: 19
  0        3.4790688329e+07
#iter: 0
  0        3.4790688329e+07
#iter: 1
  0        3.4790688329e+07
#iter: 2
  0        3.4790688329e+07
#iter: 3
  0        3.4790688329e+07
#iter: 4
  0        3.4790688329e+07
#iter: 5
  0        3.4790688329e+07
#iter: 6
  0        3.4790688329e+07
#iter: 7
  0        3.4790688329e+07
#iter: 8
  0        3.4790688329e+07
#iter: 9
  0        3.4790688329e+07
#iter: 10
  0        3.4790688329e+07
#iter: 11
  0        3.4790688329e+07
#iter: 12
  0        3.4790688329e+07
#iter: 13
  0        3.4790688329e+07
#iter: 14
  0        3.4790688329e+07
#iter: 15
  0        3.4790688329e+07
#iter: 16
  0        3.4790688329e+07
#iter: 17
  0        3.4790688329e+07
#iter: 18
  0        3.4790688329e+07
#iter: 19
  0        3.4790688329e+07
#iter: 0
  0            1.2234           19.1403            1.2222        1.1367247245e+07
#iter: 1
  0            1.6038          290.6110            1.1011        2.5323942157e+07
#iter: 2
  0            1.1679          214.9012            1.3794        2.9398108044e+07
#iter: 3
  0            0.9558          159.8127            1.1547        3.6664381601e+07
#iter: 4
  0            1.2684          687.9295            1.5954        6.4118739308e+06
#iter: 5
  0            1.5108          434.2593            1.9370        8.8887857079e+06
#iter: 6
  0            1.3995          889.5948            1.7802        1.0266542740e+07
#iter: 7
  0            1.3959          889.4422            1.7813        1.0347106984e+07
#iter: 8
  0            0.8019          973.8522            1.2635        6.4987597546e+07
#iter: 9
  0            0.9750          567.5624            1.3422        2.8960803308e+07
#iter: 10
  0            1.5080          549.4750            1.5509        8.8643439416e+06
#iter: 11
  0            1.3778          544.8326            1.5722        1.0806673847e+07
#iter: 12
  0            1.1687          228.7628            1.7286        2.9638750970e+07
#iter: 13
  0            1.1780          230.2174            1.7130        2.6470773998e+07
#iter: 14
  0            1.3712          859.7876            1.4220        1.1667531698e+07
#iter: 15
  0            1.3466          874.2738            1.4389        1.2074168016e+07
#iter: 16
  0            1.2525          931.9935            1.6454        6.4863724406e+06
#iter: 17
  0            1.2517          925.4121            1.6337        6.5247365185e+06
#iter: 18
  0            1.2562          517.8867            1.7116        6.3145503172e+06
#iter: 19
  0            1.2673          181.0634            1.7436        6.2656736898e+06
