#iter: 0
  0            0.8458          809.3535            1.2966        6.3159371867e+07
#iter: 1
  0            1.6268          963.3339            1.8884        2.9432619079e+07
#iter: 2
  0            1.9649          713.8485            1.7143        3.2305490855e+07
#iter: 3
  0            1.3455          497.3345            1.6615        1.1292023190e+07
#iter: 4
  0            0.7382          946.5891            1.7736        7.6985960761e+07
#iter: 5
  0            1.4452          810.5022            1.4913        1.0078399106e+07
#iter: 6
  0            1.9325          329.2590            1.7520        3.0965914542e+07
#iter: 7
  0            1.4651          381.3132            1.6696        8.9626705000e+06
#iter: 8
  0            1.0345          552.1977            1.6515        6.6939282963e+07
#iter: 9
  0            1.5861          852.3871            1.7445        1.9914813003e+07
#iter: 10
  0            1.5842          851.9767            1.7460        1.9245712057e+07
#iter: 11
  0            0.9082          380.6021            1.6492        5.4609937928e+07
#iter: 12
  0            0.8693          388.5991            1.7663        6.6644389020e+07
#iter: 13
  0            1.6933          991.1425            1.7289        1.1486401288e+07
#iter: 14
  0            1.7875          171.5391            1.7846        1.8982846678e+07
#iter: 15
  0            0.9543          809.4980            1.9660        3.8181634107e+07
#iter: 16
  0            0.9542          805.5030            1.9629        3.8216418575e+07
#iter: 17
  0            1.4154          120.0111            1.8069        9.6596006276e+06
#iter: 18
  0            1.3822           14.7661            1.8007        1.0291321704e+07
#iter: 19
  0            1.3052          924.1492            1.8987        7.7385554669e+06
#iter: 0
  0        3.4790688329e+07
#iter: 1
  0        3.4790688329e+07
#iter: 2
  0        3.4790688329e+07
#iter: 3
  0        3.4790688329e+07
#iter: 4
  0        3.4790688329e+07
#iter: 5
  0        3.4790688329e+07
#iter: 6
  0        3.4790688329e+07
#iter: 7
  0        3.4790688329e+07
#iter: 8
  0        3.4790688329e+07
#iter: 9
  0        3.4790688329e+07
#iter: 10
  0        3.4790688329e+07
#iter: 11
  0        3.4790688329e+07
#iter: 12
  0        3.4790688329e+07
#iter: 13
  0        3.4790688329e+07
#iter: 14
  0        3.4790688329e+07
#iter: 15
  0        3.4790688329e+07
#iter: 16
  0        3.4790688329e+07
#iter: 17
  0        3.4790688329e+07
#iter: 18
  0        3.4790688329e+07
#iter: 19
  0        3.4790688329e+07
#iter: 0
  0        3.4790688329e+07
#iter: 1
  0        3.4790688329e+07
#iter: 2
  0        3.4790688329e+07
#iter: 3
  0        3.4790688329e+07
#iter: 4
  0        3.4790688329e+07
#iter: 5
  0        3.4790688329e+07
#iter: 6
  0        3.4790688329e+07
#iter: 7
  0        3.4790688329e+07
#iter: 8
  0        3.4790688329e+07
#iter: 9
  0        3.4790688329e+07
#iter: 10
  0        3.4790688329e+07
#iter: 11
  0        3.4790688329e+07
#iter: 12
  0        3.4790688329e+07
#iter: 13
  0        3.4790688329e+07
#iter: 14
  0        3.4790688329e+07
#iter: 15
  0        3.4790688329e+07
#iter: 16
  0        3.4790688329e+07
#iter: 17
  0        3.4790688329e+07
#iter: 18
  0        3.4790688329e+07
#iter: 19
  0        3.4790688329e+07
#iter: 0
  0        3.4790688329e+07
#iter: 1
  0        3.4790688329e+07
#iter: 2
  0        3.4790688329e+07
#iter: 3
  0        3.4790688329e+07
#iter: 4
  0        3.4790688329e+07
#iter: 5
  0        3.4790688329e+07
#iter: 6
  0        3.4790688329e+07
#iter: 7
  0        3.4790688329e+07
#iter: 8
  0        3.4790688329e+07
#iter: 9
  0        3.4790688329e+07
#iter: 10
  0        3.4790688329e+07
#iter: 11
  0        3.4790688329e+07
#iter: 12
  0        3.4790688329e+07
#iter: 13
  0        3.4790688329e+07
#iter: 14
  0        3.4790688329e+07
#iter: 15
  0        3.4790688329e+07
#iter: 16
  0        3.4790688329e+07
#iter: 17
  0        3.4790688329e+07
#iter: 18
  0        3.4790688329e+07
#iter: 19
  0        3.4790688329e+07
#iter: 0
  0            0.7442          874.8635            1.0229        5.4443995121e+07
#iter: 1
  0            0.5753          372.5659            1.6065        7.7194994699e+07
#iter: 2
  0            1.1424          859.8229            1.9257        2.9507442925e+07
#iter: 3
  0            1.8190          542.4702            1.6753        4.6061053391e+07
#iter: 4
  0            1.6580          184.5013            1.7050        2.0212845865e+07
#iter: 5
  0            0.9457          974.9489            1.8076        4.0523205963e+07
#iter: 6
  0            1.0347          470.6592            1.6893        6.7366595338e+07
#iter: 7
  0            1.0319          482.0097            1.6962        6.8819912309e+07
#iter: 8
  0            1.2210          259.4115            1.4724        1.1967544377e+07
#iter: 9
  0            0.5387           65.1311            1.4045        7.8608114059e+07
#iter: 10
  0            0.5902          218.2325            1.6977        7.8384220379e+07
#iter: 11
  0            0.5952          217.4951            1.6976        7.8424243238e+07
#iter: 12
  0            0.7266          455.5299            1.2973        7.4354178960e+07
#iter: 13
  0            0.5316          369.3790            1.3671        7.5356358738e+07
#iter: 14
  0            1.0315           76.4329            1.6348        7.0537836687e+07
#iter: 15
  0            1.1820           68.2593            1.7405        2.5448152851e+07
#iter: 16
  0            1.4090          872.2351            1.1296        1.3122646409e+07
#iter: 17
  0            1.3654          972.3239            1.2778        1.2882567492e+07
#iter: 18
  0            1.3391          580.5022            1.4449        1.1372412124e+07
#iter: 19
  0            1.2018          654.1517            1.7627        1.9148982101e+07
