#iter: 0
  0            1.7786          776.0149            1.4874        1.5994713262e+07
#iter: 1
  0            1.3696          738.1756            1.5917        1.1133860236e+07
#iter: 2
  0            0.9493          597.1834            1.8045        3.9972184550e+07
#iter: 3
  0            1.3720          904.0567            1.7820        1.0928753183e+07
#iter: 4
  0            1.5306          671.5075            1.6864        9.5865259075e+06
#iter: 5
  0            1.3092          118.6588            1.6901        7.7762552566e+06
#iter: 6
  0            1.1249          313.6882            1.7273        3.4185784374e+07
#iter: 7
  0            1.2086           39.9388            1.7719        1.7217825651e+07
#iter: 8
  0            1.2876          192.2153            1.6669        6.8260849850e+06
#iter: 9
  0            1.3801          196.9524            1.7409        1.0426344377e+07
#iter: 10
  0            1.2097           85.7067            1.7358        1.6721781151e+07
#iter: 11
  0            1.2444          151.6004            1.7792        7.0921634993e+06
#iter: 12
  0            1.3804          912.6964            1.4994        1.1253875086e+07
#iter: 13
  0            1.4404          927.9829            1.5714        1.0589929339e+07
#iter: 14
  0            1.0720          174.5247            1.8967        5.1597291560e+07
#iter: 15
  0            1.0573          166.5600            1.9266        5.7818459029e+07
#iter: 16
  0            1.7004          421.8820            1.7952        1.2025555561e+07
#iter: 17
  0            1.6967          513.6579            1.8305        1.1986047315e+07
#iter: 18
  0            0.5370          264.9234            1.9293        7.8601180042e+07
#iter: 19
  0            0.5371          265.1071            1.9293        7.8600073887e+07
#iter: 0
  0        3.4790688329e+07
#iter: 1
  0        3.4790688329e+07
#iter: 2
  0        3.4790688329e+07
#iter: 3
  0        3.4790688329e+07
#iter: 4
  0        3.4790688329e+07
#iter: 5
  0        3.4790688329e+07
#iter: 6
  0        3.4790688329e+07
#iter: 7
  0        3.4790688329e+07
#iter: 8
  0        3.4790688329e+07
#iter: 9
  0        3.4790688329e+07
#iter: 10
  0        3.4790688329e+07
#iter: 11
  0        3.4790688329e+07
#iter: 12
  0        3.4790688329e+07
#iter: 13
  0        3.4790688329e+07
#iter: 14
  0        3.4790688329e+07
#iter: 15
  0        3.4790688329e+07
#iter: 16
  0        3.4790688329e+07
#iter: 17
  0        3.4790688329e+07
#iter: 18
  0        3.4790688329e+07
#iter: 19
  0        3.4790688329e+07
#iter: 0
  0        3.4790688329e+07
#iter: 1
  0        3.4790688329e+07
#iter: 2
  0        3.4790688329e+07
#iter: 3
  0        3.4790688329e+07
#iter: 4
  0        3.4790688329e+07
#iter: 5
  0        3.4790688329e+07
#iter: 6
  0        3.4790688329e+07
#iter: 7
  0        3.4790688329e+07
#iter: 8
  0        3.4790688329e+07
#iter: 9
  0        3.4790688329e+07
#iter: 10
  0        3.4790688329e+07
#iter: 11
  0        3.4790688329e+07
#iter: 12
  0        3.4790688329e+07
#iter: 13
  0        3.4790688329e+07
#iter: 14
  0        3.4790688329e+07
#iter: 15
  0        3.4790688329e+07
#iter: 16
  0        3.4790688329e+07
#iter: 17
  0        3.4790688329e+07
#iter: 18
  0        3.4790688329e+07
#iter: 19
  0        3.4790688329e+07
#iter: 0
  0        3.4790688329e+07
#iter: 1
  0        3.4790688329e+07
#iter: 2
  0        3.4790688329e+07
#iter: 3
  0        3.4790688329e+07
#iter: 4
  0        3.4790688329e+07
#iter: 5
  0        3.4790688329e+07
#iter: 6
  0        3.4790688329e+07
#iter: 7
  0        3.4790688329e+07
#iter: 8
  0        3.4790688329e+07
#iter: 9
  0        3.4790688329e+07
#iter: 10
  0        3.4790688329e+07
#iter: 11
  0        3.4790688329e+07
#iter: 12
  0        3.4790688329e+07
#iter: 13
  0        3.4790688329e+07
#iter: 14
  0        3.4790688329e+07
#iter: 15
  0        3.4790688329e+07
#iter: 16
  0        3.4790688329e+07
#iter: 17
  0        3.4790688329e+07
#iter: 18
  0        3.4790688329e+07
#iter: 19
  0        3.4790688329e+07
#iter: 0
  0            1.6655          600.0887            1.0119        1.4076213238e+07
#iter: 1
  0            1.6408          911.6160            1.4326        2.5526154180e+07
#iter: 2
  0            1.6186          554.6197            1.6875        2.9305042224e+07
#iter: 3
  0            1.6085          587.4738            1.6840        2.7465327874e+07
#iter: 4
  0            1.4754          522.0424            1.5935        8.8674505281e+06
#iter: 5
  0            1.0210          150.7439            1.2704        3.6029198839e+08
#iter: 6
  0            1.2001          633.5579            1.1095        1.7681524095e+07
#iter: 7
  0            1.2761          613.7047            1.1267        7.6174252827e+06
#iter: 8
  0            1.7541           99.7813            1.3559        1.5683951873e+07
#iter: 9
  0            0.6631          483.6241            1.9711        7.8867700375e+07
#iter: 10
  0            0.5495          440.4022            1.7600        7.7572891493e+07
#iter: 11
  0            1.9623          627.6938            1.1278        2.5722877000e+07
#iter: 12
  0            0.5249          754.9647            1.2542        6.8291320080e+07
#iter: 13
  0            1.0347          690.9828            1.2538        6.0316919609e+07
#iter: 14
  0            0.9961          695.5687            1.2584        5.3891652977e+07
#iter: 15
  0            1.9264          863.9852            1.3102        2.5079854555e+07
#iter: 16
  0            1.9087          949.8093            1.2122        2.1262272474e+07
#iter: 17
  0            1.0847          374.4769            1.3978        4.4547115812e+07
#iter: 18
  0            1.1167          334.3773            1.5155        3.5684281988e+07
#iter: 19
  0            1.3469           29.3675            1.9044        1.1019328598e+07
