#iter: 0
  0            0.7323          504.0270            1.8913        7.8990571369e+07
#iter: 1
  0            1.6156          562.2293            1.8790        2.9130051213e+07
#iter: 2
  0            1.7088          997.8411            1.6006        1.1159970465e+07
#iter: 3
  0            1.2222          975.2543            1.5582        1.1230595356e+07
#iter: 4
  0            1.7918          397.3668            1.9167        1.9428326409e+07
#iter: 5
  0            1.5852          173.8362            1.9097        2.0066964241e+07
#iter: 6
  0            1.5798          714.8729            1.5531        1.7565802327e+07
#iter: 7
  0            1.6556          588.4563            1.5875        2.0631378545e+07
#iter: 8
  0            0.8974          874.9463            1.8562        5.7542618182e+07
#iter: 9
  0            0.8054          867.5951            1.8409        7.5695451415e+07
#iter: 10
  0            1.5040          373.3996            1.4662        8.6573808786e+06
#iter: 11
  0            1.9996          711.6118            1.5925        3.4077420946e+07
#iter: 12
  0            0.9173           30.8850            1.5822        5.2862550906e+07
#iter: 13
  0            0.9174           33.3673            1.6267        5.2833635161e+07
#iter: 14
  0            1.5787          670.0178            1.0743        1.5942837883e+07
#iter: 15
  0            1.5843          668.6736            1.0980        1.7738870579e+07
#iter: 16
  0            0.9226          334.0771            1.3318        4.8091673890e+07
#iter: 17
  0            0.9810          356.0355            1.3230        3.0075197755e+07
#iter: 18
  0            1.8881          725.8036            1.8066        2.6838144324e+07
#iter: 19
  0            1.9345          741.5980            1.7539        3.0212325610e+07
#iter: 0
  0        3.4790688329e+07
#iter: 1
  0        3.4790688329e+07
#iter: 2
  0        3.4790688329e+07
#iter: 3
  0        3.4790688329e+07
#iter: 4
  0        3.4790688329e+07
#iter: 5
  0        3.4790688329e+07
#iter: 6
  0        3.4790688329e+07
#iter: 7
  0        3.4790688329e+07
#iter: 8
  0        3.4790688329e+07
#iter: 9
  0        3.4790688329e+07
#iter: 10
  0        3.4790688329e+07
#iter: 11
  0        3.4790688329e+07
#iter: 12
  0        3.4790688329e+07
#iter: 13
  0        3.4790688329e+07
#iter: 14
  0        3.4790688329e+07
#iter: 15
  0        3.4790688329e+07
#iter: 16
  0        3.4790688329e+07
#iter: 17
  0        3.4790688329e+07
#iter: 18
  0        3.4790688329e+07
#iter: 19
  0        3.4790688329e+07
#iter: 0
  0        3.4790688329e+07
#iter: 1
  0        3.4790688329e+07
#iter: 2
  0        3.4790688329e+07
#iter: 3
  0        3.4790688329e+07
#iter: 4
  0        3.4790688329e+07
#iter: 5
  0        3.4790688329e+07
#iter: 6
  0        3.4790688329e+07
#iter: 7
  0        3.4790688329e+07
#iter: 8
  0        3.4790688329e+07
#iter: 9
  0        3.4790688329e+07
#iter: 10
  0        3.4790688329e+07
#iter: 11
  0        3.4790688329e+07
#iter: 12
  0        3.4790688329e+07
#iter: 13
  0        3.4790688329e+07
#iter: 14
  0        3.4790688329e+07
#iter: 15
  0        3.4790688329e+07
#iter: 16
  0        3.4790688329e+07
#iter: 17
  0        3.4790688329e+07
#iter: 18
  0        3.4790688329e+07
#iter: 19
  0        3.4790688329e+07
#iter: 0
  0        3.4790688329e+07
#iter: 1
  0        3.4790688329e+07
#iter: 2
  0        3.4790688329e+07
#iter: 3
  0        3.4790688329e+07
#iter: 4
  0        3.4790688329e+07
#iter: 5
  0        3.4790688329e+07
#iter: 6
  0        3.4790688329e+07
#iter: 7
  0        3.4790688329e+07
#iter: 8
  0        3.4790688329e+07
#iter: 9
  0        3.4790688329e+07
#iter: 10
  0        3.4790688329e+07
#iter: 11
  0        3.4790688329e+07
#iter: 12
  0        3.4790688329e+07
#iter: 13
  0        3.4790688329e+07
#iter: 14
  0        3.4790688329e+07
#iter: 15
  0        3.4790688329e+07
#iter: 16
  0        3.4790688329e+07
#iter: 17
  0        3.4790688329e+07
#iter: 18
  0        3.4790688329e+07
#iter: 19
  0        3.4790688329e+07
#iter: 0
  0            1.6953           76.1622            1.3792        1.2215678579e+07
#iter: 1
  0            1.9117          508.6612            1.2151        2.5291447299e+07
#iter: 2
  0            1.8154          529.7784            1.1711        5.3739148161e+07
#iter: 3
  0            1.6963          446.1974            1.2151        1.0538917401e+07
#iter: 4
  0            1.2069          774.2020            1.6565        1.7296874744e+07
#iter: 5
  0            1.6779          689.7484            1.2287        1.1764038573e+07
#iter: 6
  0            1.6767          691.8437            1.2293        1.2016994550e+07
#iter: 7
  0            1.3706          692.1513            1.5047        1.1227848561e+07
#iter: 8
  0            1.3561          666.7497            1.5866        1.1379349856e+07
#iter: 9
  0            1.9490          171.6851            1.6872        3.2476064372e+07
#iter: 10
  0            1.9590          112.9858            1.7806        3.3440813276e+07
#iter: 11
  0            1.5226          178.8833            1.7136        9.2696506077e+06
#iter: 12
  0            1.5534          788.2651            1.6893        1.1581793053e+07
#iter: 13
  0            0.5231          685.4156            1.0693        6.1555947101e+07
#iter: 14
  0            0.5154          759.6273            1.0213        5.6583865048e+07
#iter: 15
  0            0.7610          500.6212            1.4119        7.5492799283e+07
#iter: 16
  0            0.7616          452.8806            1.4876        7.6741211284e+07
#iter: 17
  0            1.8006          583.1780            1.9972        2.2560986860e+07
#iter: 18
  0            1.7519          559.2472            1.9909        1.5473935583e+07
#iter: 19
  0            1.3687          524.2044            1.6051        1.0970056068e+07
