#iter: 0
  0            0.9396          580.5777            1.4627        4.1724000700e+07
#iter: 1
  0            1.6375          130.7616            1.2809        2.7780318872e+07
#iter: 2
  0            1.0463          458.5314            1.1629        5.5837320318e+07
#iter: 3
  0            1.9453          302.7669            1.4682        3.1198336868e+07
#iter: 4
  0            1.7879          290.6997            1.3488        1.7919902983e+07
#iter: 5
  0            1.3043          172.0622            1.6618        7.5436400804e+06
#iter: 6
  0            0.9195          912.2405            1.9741        5.0670893268e+07
#iter: 7
  0            1.6890          663.7356            1.3939        1.1131264544e+07
#iter: 8
  0            1.6882          663.1424            1.3944        1.1200796528e+07
#iter: 9
  0            0.6424          960.3198            1.0394        5.3056602598e+07
#iter: 10
  0            0.8043          901.0347            1.0909        5.7253016454e+07
#iter: 11
  0            1.3669          672.4909            1.0015        1.5203692297e+07
#iter: 12
  0            1.5411          755.2388            1.1059        1.0229149468e+07
#iter: 13
  0            1.6917          937.7978            1.2384        9.3494853517e+06
#iter: 14
  0            1.6841          938.5296            1.2408        1.0133067171e+07
#iter: 15
  0            0.7173          701.4453            1.5447        7.5777656341e+07
#iter: 16
  0            0.7323          715.1855            1.5644        7.5977436203e+07
#iter: 17
  0            1.2182          543.4233            1.3416        1.2539512567e+07
#iter: 18
  0            1.1368          545.2395            1.3867        2.8967564295e+07
#iter: 19
  0            1.6765          955.8943            1.5820        1.3150986174e+07
#iter: 0
  0        3.4790688329e+07
#iter: 1
  0        3.4790688329e+07
#iter: 2
  0        3.4790688329e+07
#iter: 3
  0        3.4790688329e+07
#iter: 4
  0        3.4790688329e+07
#iter: 5
  0        3.4790688329e+07
#iter: 6
  0        3.4790688329e+07
#iter: 7
  0        3.4790688329e+07
#iter: 8
  0        3.4790688329e+07
#iter: 9
  0        3.4790688329e+07
#iter: 10
  0        3.4790688329e+07
#iter: 11
  0        3.4790688329e+07
#iter: 12
  0        3.4790688329e+07
#iter: 13
  0        3.4790688329e+07
#iter: 14
  0        3.4790688329e+07
#iter: 15
  0        3.4790688329e+07
#iter: 16
  0        3.4790688329e+07
#iter: 17
  0        3.4790688329e+07
#iter: 18
  0        3.4790688329e+07
#iter: 19
  0        3.4790688329e+07
#iter: 0
  0        3.4790688329e+07
#iter: 1
  0        3.4790688329e+07
#iter: 2
  0        3.4790688329e+07
#iter: 3
  0        3.4790688329e+07
#iter: 4
  0        3.4790688329e+07
#iter: 5
  0        3.4790688329e+07
#iter: 6
  0        3.4790688329e+07
#iter: 7
  0        3.4790688329e+07
#iter: 8
  0        3.4790688329e+07
#iter: 9
  0        3.4790688329e+07
#iter: 10
  0        3.4790688329e+07
#iter: 11
  0        3.4790688329e+07
#iter: 12
  0        3.4790688329e+07
#iter: 13
  0        3.4790688329e+07
#iter: 14
  0        3.4790688329e+07
#iter: 15
  0        3.4790688329e+07
#iter: 16
  0        3.4790688329e+07
#iter: 17
  0        3.4790688329e+07
#iter: 18
  0        3.4790688329e+07
#iter: 19
  0        3.4790688329e+07
#iter: 0
  0        3.4790688329e+07
#iter: 1
  0        3.4790688329e+07
#iter: 2
  0        3.4790688329e+07
#iter: 3
  0        3.4790688329e+07
#iter: 4
  0        3.4790688329e+07
#iter: 5
  0        3.4790688329e+07
#iter: 6
  0        3.4790688329e+07
#iter: 7
  0        3.4790688329e+07
#iter: 8
  0        3.4790688329e+07
#iter: 9
  0        3.4790688329e+07
#iter: 10
  0        3.4790688329e+07
#iter: 11
  0        3.4790688329e+07
#iter: 12
  0        3.4790688329e+07
#iter: 13
  0        3.4790688329e+07
#iter: 14
  0        3.4790688329e+07
#iter: 15
  0        3.4790688329e+07
#iter: 16
  0        3.4790688329e+07
#iter: 17
  0        3.4790688329e+07
#iter: 18
  0        3.4790688329e+07
#iter: 19
  0        3.4790688329e+07
#iter: 0
  0            0.7642          233.6935            1.1420        7.5131679975e+07
#iter: 1
  0            0.9718          892.2984            1.4330        2.8844846963e+07
#iter: 2
  0            1.6159          232.6739            1.5009        2.9139050639e+07
#iter: 3
  0            1.4561          278.3085            1.4595        9.1413920287e+06
#iter: 4
  0            1.2308          343.8728            1.5774        9.2321504062e+06
#iter: 5
  0            1.1354          422.2150            1.6448        3.1133994350e+07
#iter: 6
  0            1.1928          418.0294            1.6624        2.1720867852e+07
#iter: 7
  0            1.8862          107.0327            1.1858        2.6876240711e+07
#iter: 8
  0            1.9212          103.8195            1.1573        2.9600024554e+07
#iter: 9
  0            0.5238          911.3753            1.4248        7.1262858469e+07
#iter: 10
  0            0.7126          932.5513            1.4593        7.2723381719e+07
#iter: 11
  0            1.0263          953.0403            1.5581        2.9900033210e+08
#iter: 12
  0            0.9435          955.8912            1.5558        3.9459094850e+07
#iter: 13
  0            1.8897          660.0912            1.8092        2.7096974839e+07
#iter: 14
  0            1.6550          655.9152            1.8243        2.1172873265e+07
#iter: 15
  0            0.6957           95.8932            1.7971        7.9849077934e+07
#iter: 16
  0            0.5738          146.4229            1.7778        7.8713694215e+07
#iter: 17
  0            0.9569          639.0609            1.0718        2.7991761414e+07
#iter: 18
  0            0.9546          686.3366            1.1095        2.9249592186e+07
#iter: 19
  0            1.6302          129.0383            1.4385        2.9424650231e+07
