#iter: 0
  0            1.5439          175.9553            1.5255        1.0636190691e+07
#iter: 1
  0            0.8407          130.2906            1.8407        7.3537685243e+07
#iter: 2
  0            1.5146          198.3522            1.6659        8.9848550023e+06
#iter: 3
  0            0.8130          203.6925            1.5395        7.6267736809e+07
#iter: 4
  0            1.0055          463.7463            1.8389        1.4752410489e+08
#iter: 5
  0            0.9139          466.5765            1.7950        5.2927781157e+07
#iter: 6
  0            0.7206          378.4709            1.6738        7.8566485757e+07
#iter: 7
  0            0.7315          364.7240            1.6731        7.8658864247e+07
#iter: 8
  0            1.8844          574.2804            1.7565        2.6658128478e+07
#iter: 9
  0            1.9982          655.1252            1.7368        3.4922691496e+07
#iter: 10
  0            1.1499          868.5513            1.5743        2.6423107756e+07
#iter: 11
  0            1.1336          839.8714            1.5848        3.0047539180e+07
#iter: 12
  0            1.3391          456.2174            1.8925        1.0866672315e+07
#iter: 13
  0            1.3234          430.1462            1.9326        8.4655925076e+06
#iter: 14
  0            1.3453          341.0358            1.9514        1.1095181933e+07
#iter: 15
  0            1.1745          749.7707            1.9275        2.7284350807e+07
#iter: 16
  0            1.1733          758.6251            1.9284        2.7672717551e+07
#iter: 17
  0            1.2025          693.9153            1.9289        1.9081201684e+07
#iter: 18
  0            1.1697          711.0803            1.9096        2.8919368767e+07
#iter: 19
  0            1.4169          219.7940            1.9592        9.6667660054e+06
#iter: 0
  0        3.4790688329e+07
#iter: 1
  0        3.4790688329e+07
#iter: 2
  0        3.4790688329e+07
#iter: 3
  0        3.4790688329e+07
#iter: 4
  0        3.4790688329e+07
#iter: 5
  0        3.4790688329e+07
#iter: 6
  0        3.4790688329e+07
#iter: 7
  0        3.4790688329e+07
#iter: 8
  0        3.4790688329e+07
#iter: 9
  0        3.4790688329e+07
#iter: 10
  0        3.4790688329e+07
#iter: 11
  0        3.4790688329e+07
#iter: 12
  0        3.4790688329e+07
#iter: 13
  0        3.4790688329e+07
#iter: 14
  0        3.4790688329e+07
#iter: 15
  0        3.4790688329e+07
#iter: 16
  0        3.4790688329e+07
#iter: 17
  0        3.4790688329e+07
#iter: 18
  0        3.4790688329e+07
#iter: 19
  0        3.4790688329e+07
#iter: 0
  0        3.4790688329e+07
#iter: 1
  0        3.4790688329e+07
#iter: 2
  0        3.4790688329e+07
#iter: 3
  0        3.4790688329e+07
#iter: 4
  0        3.4790688329e+07
#iter: 5
  0        3.4790688329e+07
#iter: 6
  0        3.4790688329e+07
#iter: 7
  0        3.4790688329e+07
#iter: 8
  0        3.4790688329e+07
#iter: 9
  0        3.4790688329e+07
#iter: 10
  0        3.4790688329e+07
#iter: 11
  0        3.4790688329e+07
#iter: 12
  0        3.4790688329e+07
#iter: 13
  0        3.4790688329e+07
#iter: 14
  0        3.4790688329e+07
#iter: 15
  0        3.4790688329e+07
#iter: 16
  0        3.4790688329e+07
#iter: 17
  0        3.4790688329e+07
#iter: 18
  0        3.4790688329e+07
#iter: 19
  0        3.4790688329e+07
#iter: 0
  0        3.4790688329e+07
#iter: 1
  0        3.4790688329e+07
#iter: 2
  0        3.4790688329e+07
#iter: 3
  0        3.4790688329e+07
#iter: 4
  0        3.4790688329e+07
#iter: 5
  0        3.4790688329e+07
#iter: 6
  0        3.4790688329e+07
#iter: 7
  0        3.4790688329e+07
#iter: 8
  0        3.4790688329e+07
#iter: 9
  0        3.4790688329e+07
#iter: 10
  0        3.4790688329e+07
#iter: 11
  0        3.4790688329e+07
#iter: 12
  0        3.4790688329e+07
#iter: 13
  0        3.4790688329e+07
#iter: 14
  0        3.4790688329e+07
#iter: 15
  0        3.4790688329e+07
#iter: 16
  0        3.4790688329e+07
#iter: 17
  0        3.4790688329e+07
#iter: 18
  0        3.4790688329e+07
#iter: 19
  0        3.4790688329e+07
#iter: 0
  0            0.9731            0.1143            1.3757        3.3191842430e+07
#iter: 1
  0            1.7463          477.5780            1.2987        1.3308100232e+07
#iter: 2
  0            0.9228          435.7837            1.2070        4.5336359211e+07
#iter: 3
  0            1.5480          292.4453            1.3225        1.0897226959e+07
#iter: 4
  0            1.8551          714.5930            1.9387        2.4267740438e+07
#iter: 5
  0            1.5377           70.1981            1.6047        1.0149960340e+07
#iter: 6
  0            1.5481          797.9064            1.3463        1.0649500386e+07
#iter: 7
  0            1.4084          787.7593            1.6192        1.0225186368e+07
#iter: 8
  0            1.3471          710.2435            1.6386        1.1461084447e+07
#iter: 9
  0            1.3433          162.4423            1.6158        1.1066882662e+07
#iter: 10
  0            1.3847          169.3207            1.6126        1.0333168771e+07
#iter: 11
  0            1.5315          513.2987            1.5711        9.6306056910e+06
#iter: 12
  0            1.4584          916.9779            1.5611        9.4706796400e+06
#iter: 13
  0            1.2117           67.5204            1.5923        1.5842863161e+07
#iter: 14
  0            1.5472          845.0697            1.5583        1.0720907982e+07
#iter: 15
  0            1.5753          891.0914            1.5953        1.6100076711e+07
#iter: 16
  0            0.9763          136.1299            1.5887        3.2155626880e+07
#iter: 17
  0            0.9871          132.5664            1.5944        3.5533899345e+07
#iter: 18
  0            1.6278          926.6651            1.9343        2.9437001848e+07
#iter: 19
  0            1.7418          960.2105            1.3876        1.1970058407e+07
